100

   0 122 161 168 171 183 163 192 173 159 153 149 165  63 131 211  91 167 133  83 131 133 145 145 129 167 117  83 135 135 117  84 145 113 107 193 189 133 201 184 112 123 125 133 177 135 183 189 247 139 113 193 143 217 169 127 223 163 187 194  61 156 117 130 189 199 156 161 187 173 151  59 207 100 127 113  97 138 109 125 247 225  95 186 169 167 123 203 156 139 177  64  95 165 122 123 181 145 234 138
 122   0 140 135 174 124 150 131  72 152 160 110 138 122 170 118 140 130 172 134 184 190  92 132 130 152 166 138 216 180 218 211 188 232 138 234 202 154 100 163 135  88  82 156 226 162  96 182  78 182 112 102 180 238  90 136 180 170 128 165 106 131 154 209 104 196 147 186 164 194 246 156 182 113 166 116 104 131 152 208 138 176  98  93 138 156 216 144 119  82 198 195 110 192 183  86  74 114 161 117
 161 140   0 154 141  81 229 250 131 137 191 147 133 117 153 165  61  97 127  17 153 155 155 111 203 133 119 145 129 217 147 120  47 151 213 159  91 171 187 200 152 265 243 163 123  93 189 147  89 177  99 147 117 115 207 177 157 165 137 148 135  98 207 222 103  49 242 175  69 103 193 181  93  82 153  71 219 106 103 131 113 207 189  98 159 185 165 149 192 197 219 116 249 187  44 169 151 159  88 216
 168 135 154   0  74  82 188 113 152  76 100  88 152 260 244 102 196 104 156 186 174 164  90 132  94 176  98  64 134 190 220 245 130 156  76 174 210  68 104 149 241 142 112 160 188 106  88 152 160 186 168 200 166 126 134  62 168 166 124 231 208 147 194 191 144 176  95 164 106 110 166 122 124 171 164 204 188 171 138 108  20 128 120 273 142 222 180 104 201 152 130  87 232 182 181 168 154 156 153  85
 171 174 141  74   0 155 243  88 165 115 129 153 185 123 231 163 167 147 117 203 171 113 113 149 129  59 133  75  55 127 149 172 129 209 119 149 189 203 153 104 190 227 169  89 205 147  91  77 163 135 165 105 115  89 197 167  87 227 195 202 161 118 177 126  81 135 102 185 151 113 171 175 147 132 195 165 173 158  65 169  87 213 143 224 241 215 143  79 240 143 173  84 183 173 178 143 145 113 174  94
 183 124  81  82 155   0 223 170 129 127 145 125 135 239 263 143 119 187 157  87 123 121 141 105 161 155 153 115  71 151 109 246 101 205 143 177 185  83 169 134 128 151 109 173 149  95 155 181 163 183 145 181 155 157  89 115 247  87 159 116 205 180 213 202 101 195 176 205 111 197 135 183 171 106 251 113 249 162 161  81  87 129 115 148 121 179 243 127 114 135 137 142 211 173 108 211  97 141  80 106
 163 150 229 188 243 223   0 168 181 175 129 185 115 167  31 111 187 155 225 223 215 189 177 189 145 191 209 259 287 111 205  86 185 109  71 161 137 125 121 160  98 103 109 109 125 179 131 173 115 147 125  61 243 233 169 139 155  95 127 102 101 228  73 104 193 139  90 193 191 205  35 179 147 234 107 157  69 136 133 161 179  69 167 150  97  59 115 223  44 139  61 198  63  89 216 115 137 177 126 184
 192 131 250 113  88 170 168   0 176 148 166 188 134 156 208 122 208 196 114 248 146 164  16 146 142 120 234  86 134  94 158 233 136 196 138 132 216 146 156  97 131 138  92 102 178 206 178 136 130 114 160 170 112 180  72 146 174 144 180 163 250 181 122 111 122 256  91 152 152 212 162 166 146 141 116 168 162 151 158  80 104 104 236 157 120 208 200  88 149 112  94 171 112 150 209 110 130 154 129  99
 173  72 131 152 165 129 181 176   0 113 143  59  75 169 145  41 121 149 147  97 173 191 147  63 171 205 159 193 217 217 219 154 227 183 101 179 175 167  75 214 198 121 147 147 179  85 113 187  73 169 139 155 157 139 139 157 105 161 121 146 159 104 291 208  51 213 154 107 125 155 141 205 205 122 213 107 135 154 155 235 105 155  69 122 163 101 181 153 144  81 203 138 181 119 142 149  87 151 200 230
 159 152 137  76 115 127 175 148 113   0 145  77 149 191 243  75 167 163 229 187 183 121 185 141 153 131   1 107 159 219 213 212 225 213 107 169 197 155 133 156 206 119 109 133 137 239 115 181 123 163 121 197  75  93 181 179  95 199 103 130 113  88 185 138  65 175 138 169  87  69 143 175 127 142 167 193 181 120 121 193 107 169 159 184 157 187 171  87 214 111 141 124 115 145 140 183 225 121 138 176
 153 160 191 100 129 145 129 166 143 145   0 103 175 217 105 137 157  81 103 201 193 159 131  99  47 149 163 145 181 125 151 186 243 103  69 139 179 133  71  24 174 109 183 131 187 113 169 167 161 125 223 191 101  91 199 133 133 205 193 184 159 166 107 128 179 185 126 187  81 171 141 193 125 212 149 231 139 192  63 131 145 187 117 146 187 217  65 137 230 125 147 168 153 135 162 161 151 151 154 146
 149 110 147  88 153 125 185 188  59  77 103   0 161 217 169 113 145  37 131  97 209 211 171 159  83 249 103  69 181 225 211 174 187 195  69 187 119 143 139 136 258 129  83 155 115 197 161 159 161 193 243 143 137  95 223  61 173 205 197 248 115 138 227 134 123 173 126  95  57 155 137 137 141  60 249 219 131  84 131 151 169 115 133 154 103 161 141  37 196 169 135 162 181 163 150 153 119 119 248 162
 165 138 133 152 185 135 115 134  75 149 175 161   0 185 129  71 139 175 121 169 153 237 109 139 281 177 155 217 175 157 113 180 181 173 179 121  83 101 183 220 112 155 101 173  53  95 123 253 107 187 109 113 117 173 145 179 183  77 133  78 231 160 231 132 111 155 172 171 113 175 125 165 219 136 139  17  73 148 207 141 143 115 139 172 187  37 149 175 106 209 117 192 131 173 172 103 183 201 136 224
  63 122 117 260 123 239 167 156 169 191 217 217 185   0  99 231  63 195 133 115 119 173 209  93 173  99 149 187 143 179 157  88 141 165 143 153 161 213 149 180 110 159 153 165 201 119 163 165 163 107  77 105 179 177 165 195 107 127 127 106  73 114  97 132 117 131 230 161 183 129 155 143 123 156  71  97 121 160 109 145 191 237 135  70 173 127 163 187 180 131 201 160 131 201  86 115 165 157 162 190
 131 170 153 244 231 263  31 208 145 243 105 169 129  99   0 147 159 131 161 183 139 137 169 173 149 199 201 227 219 183 189  60 173  89 115 145  49 123 129 170 100 171 217  69 101 119 155 165 131 175 145 157 211 165 181 155 159 115 115 144 137 130  65 156 153 111 180  97 199 213  79 183 155 232  55 145  85 144 129 141 183 141 151  94 149  63  99 211 120 183 177 206 123 121 150 115 109 205 154 168
 211 118 165 102 163 143 111 122  41  75 137 113  71 231 147   0 251 119 189 175 159 149  85 173 173 199 121 191 171 219 177 210 197 217  91 213 181 165  97 148 164  59 105 129 113 139  55 169  39 191 153 197 187 221 177 147 171  83 127 130 201 110 217 164  97 207  72 161 183 125 135 211 131 150 135 137 125 160 201 197 111  81 179 140 213 115 243 119  82 123 181 148 103  81 252 147 169 161 202 124
  91 140  61 196 167 119 187 208 121 167 157 145 139  63 159 251   0 171  77  83 139 157 229  97 109 111 145 195 187 119 137 106 153 173 167  81 165 187 193 172 112 151 145 237 161 107 171 253 199 131 141 101  87  85 133 163 143 191 135 158  81 216 149 156 177 127 262 189  83 165 191 139 171  76 147 137 205 160  57 105 163 225 143  66 133 139  99 151 190 107 113 166 231 269   0 179 101 161 134 238
 167 130  97 104 147 187 155 196 149 163  81  37 175 195 131 119 171   0  85  79 159 229 101 117  81 183 137 107 207 175 149 136 125 125 159 189  69 171 149 110 254 131 181 185 145 183 203 169 131 163 277 157 139 105 233 123 159 203 167 250 177 160 205 184 237 103 108  81  99 109 155 107  51 108 127 189 173 114 157 145 183 109 159 192  97 167  87  71 210 191 161 154 175 117 162 135 157 117 192 160
 133 172 127 156 117 157 225 114 147 229 103 131 121 133 161 189  77  85   0 101 149 223 119 147 119 125 187 121 129  93  39 188  99 111 225  63 103 171 227 144 166 181 183 219 123 117 225 215 245 105 223 131  85 119  87 201 181 145 153 236 203 168 127 170 207 133 154 115 121 207 213 117 161 106 145 127 175 112 143 123 133 135 117 140 159 161  93 113 212 177 171 180 149 135 126 165 147 119 208 170
  83 134  17 186 203  87 223 248  97 187 201  97 169 115 183 175  83  79 101   0 107 185 141  85 169 191 105 147 135 195 129  58 117 133 199 173 109 165 161 206 188 147 165 201 109  87 207 165 143 115 129 153 151 189 201 123 199 155 143 176 101 156 253 242 149 127 220 113 139 165 195 139 151  78 159  77 161 146 205 161 231 145 127  82 149 155 167 123 154 151 189 136 171 181  30 139 141 145 186 182
 131 184 153 174 171 123 215 146 173 183 193 209 153 119 139 159 139 159 149 107   0  85 173 189 117  99 133 179  63 135  81 140 157 117 203 129 157 197 173  98 108 159 129 193 173 147 115 153 167 155 101 157 135  97 109 191 183 155  71 102 145 102 169 190 141 135 220 137 155 113 179  99 167 160 127 149 189 224 209 149 171 189 155 162 201 115 139 127 116 127 217 106 143 217  98 111 241 161 200  90
 133 190 155 164 113 121 189 164 191 121 159 211 237 173 137 149 157 229 223 185  85   0 179 211  95 145 139 121  33 161 115  86 127 159 177 139 179 147 131 114 124 177 207 103 139 197 101  87 165 201 111 263 125 119 143 129 145 173 169 170  99 104 107 144 103 161 148 135 257 127 169 141 161 130 133 191 175 138 115 123 157 167 185 142 191 165 189 145 158  65 211  78 145 171 148 225 131  87 120 106
 145  92 155  90 113 141 177  16 147 185 131 171 109 209 169  85 229 101 119 141 173 179   0 127 171 169 223  77 129 101 151 168 115 159 129 175 139 131 143 130 150 141 171  95 151 129 161 135 105 117 175 195 165 231 115  97 197 189 189 194 287 178 171 184 159 217  78 115 193 227 173 157 157 148 101  83 163 172 211 119 153 123 229 170 127 225 181 109 156 149 159 150 141 131 208  97 103 159 142  86
 145 132 111 132 149 105 189 146  63 141  99 159 139  93 173 173  97 117 147  85 189 211 127   0 183 153 183 193 209 169 191 154 159 151 117 187 151  99  51 146 182 121 163 135 211  37 233 207 105 109 167 183 145 159 175 109 129 133 125 138 187 194 231 196 139 181 188 143 109 167  97 181 117 182 121 119 167 224 143 131 157 195  77 122  67 193 161 201 216 137  95 192 233 175  60 145 139 151  54 242
 129 130 203  94 129 161 145 142 171 153  47  83 281 173 149 173 109  81 119 169 117  95 171 183   0 129 187 133 153 149 171 138 191 187  73 115 231 219 135  28 180 133 135 187 223 197 145 135 185 177 215 163 101  71 143 141 149 245 145 286  99 224  83 166 159 197 128 175 145 127 197 153 125  88 149 299 207 152  43 147 149 179 161 138 135 177 113  37 190  29 179 108 109 183 170 149  75  79 208 126
 167 152 133 176  59 155 191 120 205 131 149 249 177  99 199 199 111 183 125 191  99 145 169 153 129   0 129 147  99  91  89 198 169 189 171 141 185 191 185 106  98 155 177 141 253 139  71 153  87 155 121 117  95 129 117 295  95 203 139 112  89 134 129 136 165 151 196 257 135  69 255 115  95 148 143 177 193 206  93 245 123 249  95 122 229 171  91 163 160 123 145 150  99 169 162 123 221  97  68 100
 117 166 119  98 133 153 209 234 159   1 163 103 155 149 201 121 145 137 187 105 133 139 223 183 187 129   0  85 113 253 175 166 203 191 173 163 115 167 195 200 222 121 139 183  99 209  81 119 181 205 143 175  93 135 183 125 129 153 113 144  59  62 175 132 139 121 196 131 113  23 201 129 117 136 129 171 111 118 143 215 149 167 117 172 259 165 117  89 184 205 155  78 157 167 116 197 235  99 174 144
  83 138 145  64  75 115 259  86 193 107 145  69 217 187 227 191 195 107 121 147 179 121  77 193 133 147  85   0  55 159 133 192  77 153 139 185 161  85 205 114 244 183 161 129 181 239 183  81 215 175 221 233 119 153 137 103 207 179 263 266 161  88 145 122 177 199  96 125 143 133 199  79  87  84 207 193 189  70 121  97 115 129 147 224 153 291 143  63 222 167 161  48 167 145 190 167 153  69 186  68
 135 216 129 134  55  71 287 134 217 159 181 181 175 143 219 171 187 207 129 135  63  33 129 209 153  99 113  55   0 183  61 170  81 185 163 109 169 171 193 122 140 239 201 149 137 139 103  89 187 203 177 225 115 137 137 131 167 123 179 158 181  86 165 106 117 187 164 181 175  97 179 111 151  86 171 113 165 154 197 109 139 201 155 160 233 155 159 103 168 159 233  64 147 153 178 219 169  89 118 110
 135 180 217 190 127 151 111  94 217 219 125 225 157 179 183 219 119 175  93 195 135 161 101 169 149  91 253 159 183   0  77 146 153  29 191  97 173 175 169 120  38  91 157 145 189 147 187 133 207  39 161  57 143 133  89 171 139 183 183 116 189 220  65 114 273 115 100 149 143 217 123  67 183 186 143 141 201 232 149 145 163 153 191 194 105 175  63 215 104 167  81 178 139 153 116 103 169 177 172 102
 117 218 147 220 149 109 205 158 219 213 151 211 113 157 189 177 137 149  39 129  81 115 151 191 171  89 175 133  61  77   0 168  75 127 289 147 119 141 235  76 132 153 175 199  87 145 189 171 229 145 191 167  73 131 107 225 209 105 221 160 183 148 135 112 199 105  98 163 197 139 193  81 181  82 173 155 171 120 211 135 197 139  97 156 167 129 153 145 142 145 127 136 105 107 162 197 195  87 162 100
  84 211 120 245 172 246  86 233 154 212 186 174 180  88  60 210 106 136 188  58 140  86 168 154 138 198 166 192 170 146 168   0 120 100 148  92  86 162 154 165 145 188 182 140  92 166 186 114 150 106 116 132 172 146 258 128  86 202 190 151  70 205 166 117 170 106 189 114 198 146  86 192 154 139 132 108 124 105 114 130 276 172 176 121 142 116 102 188 143 138 140 133 142 148  99 122 122 174 181 219
 145 188  47 130 129 101 185 136 227 225 243 187 181 141 173 197 153 125  99 117 157 127 115 159 191 169 203  77  81 153  75 120   0 127 213 139 107 101 251 156 150 269 191 131 103 161 233 107 161 169 175 163 173 155 131 117 205  93 189 196 207 148 135 110 199  77 120 143 153 135 125 129  85 102 161 123 203  52 155  47 113 151 169 178  55 217 229 177 144 213 139 124 233 103 168 205 139 107  96 140
 113 232 151 156 209 205 109 196 183 213 103 195 173 165  89 217 173 125 111 133 117 159 159 151 187 189 191 153 185  29 127 100 127   0 205 107 119 117  95 194 152 157 211 135 167 117 209 107 209  45 111 151 193 107 143 157 113 141  97 120 179 102 103 168 251  53 118  39 125 171  73  77 161 260 125 127 119 186 191 147 153 123 157 240 123 193  45 289 146 201 175 132 177  99 100 133 227 207 172 156
 107 138 213  76 119 143  71 138 101 107  69  69 179 143 115  91 167 159 225 199 203 177 129 117  73 171 173 139 163 191 289 148 213 205   0 209 221 127  93 120 156  99 109  73 221 115  87 181 119 163 165 157 255 189 213  75 151 155 175 154 133 180 161 104 113 263 120 237 143 177  59 187 123 178 179 189 145 182  65 141 103 177 139 148 129 147 171 147 144  95 133 156 135 125 224 115 117 193 162 136
 193 234 159 174 149 177 161 132 179 169 139 187 121 153 145 213  81 189  63 173 129 139 175 187 115 141 163 185 109  97 147  92 139 107 209   0 135 189 171 134 116 217 147 267 111 165 181 127 193 113 167 119  61  67  95 181  69 177  85 136 167 236  91 164 187 129 244 115  93 155 157 189 173 168 125  87 155 160 135 107 133 171 205 108 179 133  53 113 160 181 147 140 141 175  94 193 127 139 150 252
 189 202  91 210 189 185 137 216 175 197 179 119  83 161  49 181 165  69 103 109 157 179 139 151 231 185 115 161 169 173 119  86 107 119 221 135   0 117 227 188 176 181 199 123  27 177 197 139 149 193 187 139 137 135 191 137 165 121 157 136 175 130 179 132 199  41 182  71 149 167 133 149 125 140 101 127 115  84 163 131 205  91 173 128 115  93  93 145 176 305 103 204 189 163 124 125 155 151 100 198
 133 154 171  68 203  83 125 146 167 155 133 143 101 213 123 165 187 171 171 165 197 147 131  99 219 191 167  85 171 175 141 162 101 117 127 189 117   0 137 146 160 127 115 119 115  89 169 217 165 155 153 251 207 201 137  95 211  59 209 148 199 178 159 172 167 179 144 141 159 187 121 129 129 200 177 133 159 138 181  61 105  81  67 198  83 161 201 221 144 187  61 202 193 129 178 157 141 189  84  86
 201 100 187 104 153 169 121 156  75 133  71 139 183 149 129  97 193 149 227 161 173 131 143  51 135 185 195 205 193 169 235 154 251  95  93 171 227 137   0 138 216  77 111 159 247  77 113 119  73  57 107 175 189 139 159 133  77 189 101 122 135 110 175 222 103 173 124 135 181 171 117 189 181 272 165 163  99 224 183 187 149 119 117 122 143 189 165 185 182  65 183 154 141 147 136 117 127 195 134 154
 184 163 200 149 104 134 160  97 214 156  24 136 220 180 170 148 172 110 144 206  98 114 130 146  28 106 200 114 122 120  76 165 156 194 120 134 188 146 138   0 167 140 122 156 200 180 152 124 150 148 254 168  98  92 196 144 160 176 226 175 172 217 104 125 166 170  93 222 122 130 188 188  74 119 184 278 206 189  98 110 164 196 146 111 144 216 134  54 181  92  78 151 134 176 185 138 160 112 169  91
 112 135 152 241 190 128  98 131 198 206 174 258 112 110 100 164 112 254 166 188 108 124 150 182 180  98 222 244 140  38 132 145 150 152 156 116 176 160 216 167   0 130 182 110 158  76 130 172 146 136 108  96 162 216  74 168 182 104 128  51 136 207  36 141 170 166 225 202 158 192 132 114 182 163  66  68 174 253 148 118 182 214 192 103 134  70 146 258  21 192 146 189 122 170 113 150 132 200 113 119
 123  88 265 142 227 151 103 138 121 119 109 129 155 159 171  59 151 131 181 147 159 177 141 121 133 155 121 183 239  91 153 188 269 157  99 217 181 127  77 140 130   0  57 185 181 147 103 205 135 111 165 173 171 233 121 127 167 115 151 120 117 180 145 144 237 227 124 165 199 177 167 111 147 186  95 197 157 218 193 177 183  93 135 102 125 131 191 171  94 111  81 212  87 157 156 131 145 161 184  78
 125  82 243 112 169 109 109  92 147 109 183  83 101 153 217 105 145 181 183 165 129 207 171 163 135 177 139 161 201 157 175 182 191 211 109 147 199 115 111 122 182  57   0 211 143 213 137 183 137 113 103  95 141 183 147 137 201 125 141 116 111 214 171 122 123 213 136 187 125 195 137 205 213 144 229 147 103 112 167 111 189  95 149 148 147 153 225 101  96 133  79 190  89 211 162  77 147 179 206 108
 133 156 163 160  89 173 109 102 147 133 131 155 173 165  69 129 237 185 219 201 193 103  95 135 187 141 183 129 149 145 199 140 131 135  73 267 123 119 159 156 110 185 211   0 167 161 113  95  89 177 147 167 197 175 227 113 169 133 161 154 187 100 131 100  99 165  46 139 161 215  61 193 109 158 129 191 131 166 123 175 141 175 161 182 127 189 165 213 150 161 123 178 145 111 208 113 139 171 112 110
 177 226 123 188 205 149 125 178 179 137 187 115  53 201 101 113 161 145 123 109 173 139 151 211 223 253  99 181 137 189  87  92 103 167 221 111  27 115 247 200 158 181 143 167   0 181 209 199 165 177 135 163 137 139 195 121 169 101 173 106 179 158 171  64 147  57 164  95 141 167 129 181 197 116 137  95 111  42 203  87 189  51 205 132 139  73 165 101 160 229 115 226 161 119 138 149 147 195 136 176
 135 162  93 106 147  95 179 206  85 239 113 197  95 119 119 139 107 183 117  87 147 197 129  37 197 139 209 239 139 147 145 166 161 117 115 165 177  89  77 180  76 147 213 161 181   0 107 213 127 115 117 169 223 181 129 123 143 103 119  96 193 174 193 236 137 139 204 165 155 157 159 123 183 200 123  65 157 294 185 153 123 189  55 134 161 107 151 243 132 163 165 154 231 165  90 135 133 245 114 130
 183  96 189  88  91 155 131 178 113 115 169 161 123 163 155  55 171 203 225 207 115 101 161 233 145  71  81 183 103 187 189 186 233 209  87 181 197 169 113 152 130 103 137 113 209 107   0 129  87 239 129 129 219 173 153 147 119 131  83 110 125 110 173 172 109 163 116 189 191  97 211 135 135 144 143 169 109 248 165 269  83 169 107 162 261  91 151 159 100 107 161 124 131 185 242 151 153 145 174  86
 189 182 147 152  77 181 173 136 187 181 167 159 253 165 165 169 253 169 215 165 153  87 135 207 135 153 119  81  89 133 171 114 107 107 181 127 139 217 119 124 172 205 183  95 199 213 129   0 157 145 167 107 129 139 159  93 121 181 177 182 115 100  87 140 143 113 108  79 153  99 141 157 113 160 169 183 131 144 127 179 149 151 229 174 191 225 125 117 118 213 183  22 181 119 168 189 107  83 174 108
 247  78  89 160 163 163 115 130  73 123 161 161 107 163 131  39 199 131 245 143 167 165 105 105 185  87 181 215 187 207 229 150 161 209 119 193 149 165  73 150 146 135 137  89 165 127  87 157   0 199 105 173 163 169 209 179  99 163 119  76 153 134 229 156 117 163 152 213 115 121 199 243  71 138 115 125 145 176 181 229 127 165 167  56 165 167 183 151 142 127 157 208 127 161 190  55 153 173  48 184
 139 182 177 186 135 183 147 114 169 163 125 193 187 107 175 191 131 163 105 115 155 201 117 109 177 155 205 175 203  39 145 106 169  45 163 113 193 155  57 148 136 111 113 177 177 115 239 145 199   0  81  85 163 117 137 215  79 215 155  84 157 132 101 170 153 107 130 113 155 201  99 159 195 278 195 117 169 170 165 117 199 125 167 142 109 219 147 187 172 119 165 192 127 109  72  79 177 273 204 100
 113 112  99 168 165 145 125 160 139 121 223 243 109  77 145 153 141 277 223 129 101 111 175 167 215 121 143 221 177 161 191 116 175 111 165 167 187 153 107 254 108 165 103 147 135 117 129 167 105  81   0 115 193 171 127 245  89 173  73  34  71  74 171 176  39  97 224 179 197 151 157 189 237 228 169  51  95 126 131 187 145 143 161 144 207 137 217 229 126  85 235 150  97 175 116  49 211 223 126 124
 193 102 147 200 105 181  61 170 155 197 191 143 113 105 157 197 101 157 131 153 157 263 195 183 163 117 175 233 225  57 167 132 163 151 157 119 139 251 175 168  96 173  95 167 163 169 129 107 173  85 115   0 177 147 155 185 113 177 109 108  87 174 111 120 139  53 152 187 105 175 109 153 189 178 209 119  99 158 119 207 161 171 157 144 143  89 105 153  74 181 119 196 141 183 118  89 143 159 206 168
 143 180 117 166 115 155 243 112 157  75 101 137 117 179 211 187  87 139  85 151 135 125 165 145 101  95  93 119 115 143  73 172 173 193 255  61 137 207 189  98 162 171 141 197 137 223 219 129 163 163 193 177   0  37 149 199 131 235 183 224 133 162 145 114 145 187 194 177  59  85 223 167 155  58 127 189 185 110 101 121 203 213 191 124 189 175  91  43 222 155 133  82 119 213  88 191 157  61 136 218
 217 238 115 126  89 157 233 180 139  93  91  95 173 177 165 221  85 105 119 189  97 119 231 159  71 129 135 153 137 133 131 146 155 107 189  67 135 201 139  92 216 233 183 175 139 181 173 139 169 117 171 147  37   0 195 201  33 269 133 158 187 108 167 120 127  53 152 111  33  63 145 161 121 124 209 243 231 138  87 139 105 183 157 190 131 173  65  69 286 125 163 128 217 171 106 141 175 183 170 196
 169  90 207 134 197  89 169  72 139 181 199 223 145 165 181 177 133 233  87 201 109 143 115 175 143 117 183 137 137  89 107 258 131 143 213  95 191 137 159 196  74 121 147 227 195 129 153 159 209 137 127 155 149 195   0 181 201 113  77 146 183 152  71 230 155 193 176 111 225 199 209  85 249 188 113 115 171 156 203 155  77 103 117 148 107 137 189 177  76 117 175 132 121 127 142 205  91  99 110  90
 127 136 177  62 167 115 139 146 157 179 133  61 179 195 155 147 163 123 201 123 191 129  97 109 141 295 125 103 131 171 225 128 117 157  75 181 137  95 133 144 168 127 137 113 121 123 147  93 179 215 245 185 199 201 181   0 215 111 195 214 177 220 153 124 197 195 118  89 127 177  99 123 131 106 115 157 125 180 181  77 163 133 195 172  89 175 155 123 126 211  73 120 263 189 134 195  77 133 148 142
 223 180 157 168  87 247 155 174 105  95 133 173 183 107 159 171 143 159 181 199 183 145 197 129 149  95 129 207 167 139 209  86 205 113 151  69 165 211  77 160 182 167 201 169 169 143 119 121  99  79  89 113 131  33 201 215   0 267 103  86 109 114 189 110 141  79 174 137 119  45 139 199 115 206 183 149 161 164 129 233 127 185 135 136 169 135  67 163 228  95 173 156 151  93 158 119 169 173 128 202
 163 170 165 166 227  87  95 144 161 199 205 205  77 127 115  83 191 203 145 155 155 173 189 133 245 203 153 179 123 183 105 202  93 141 155 177 121  59 189 176 104 115 125 133 101 103 131 181 163 215 173 177 235 269 113 111 267   0 123  86 229 162 129 148 149 171 112 149 183 185  79 155 131 148  95 101 105 152 217  93  91  85 115 142 141  71 239 235  26 207  93 194 147 117 176 207 149 161 106 158
 187 128 137 124 195 159 127 180 121 103 193 197 133 127 115 127 135 167 153 143  71 169 189 125 145 139 113 263 179 183 221 190 189  97 175  85 157 209 101 226 128 151 141 161 173 119  83 177 119 155  73 109 183 133  77 195 103 123   0  98 161 126 133 262 121  95 194  85 155 169 135 179 171 224  71 105 125 228 229 237  91 145 143 150 141 111 135 199 122 123 209 186 119 173 106 143 169 157 126 198
 194 165 148 231 202 116 102 163 146 130 184 248  78 106 144 130 158 250 236 176 102 170 194 138 286 112 144 266 158 116 160 151 196 120 154 136 136 148 122 175  51 120 116 154 106  96 110 182  76  84  34 108 224 158 146 214  86  86  98   0 152 109 158 115 122  86 203 186 118 142 110 184 178 243 160  60 128 205 190 160 134 152 148  99 166  92 158 248  89 188 136 227 152 126 113  92 214 300  73 155
  61 106 135 208 161 205 101 250 159 113 159 115 231  73 137 201  81 177 203 101 145  99 287 187  99  89  59 161 181 189 183  70 207 179 133 167 175 199 135 172 136 117 111 187 179 193 125 115 153 157  71  87 133 187 183 177 109 229 161 152   0 122 119 118 155 129 248 211 161  95 209 113 161 150 181 179  87 108  55 219 241 199 105  84 207 137 101 157 138 125 175  98 101 187  96 145 179  83 172 150
 156 131  98 147 118 180 228 181 104  88 166 138 160 114 130 110 216 160 168 156 102 104 178 194 224 134  62  88  86 220 148 205 148 102 180 236 130 178 110 217 207 180 214 100 158 174 110 100 134 132  74 174 162 108 152 220 114 162 126 109 122   0 156 135  68  84 139 116 168  68 172  92 138 219 166 166 106 101 166 210  90 170 114 167 218 174 184 170 195 154 302 115 154 108 159 148 248 156 183 107
 117 154 207 194 177 213  73 122 291 185 107 227 231  97  65 217 149 205 127 253 169 107 171 231  83 129 175 145 165  65 135 166 135 103 161  91 179 159 175 104  36 145 171 131 171 193 173  87 229 101 171 111 145 167  71 153 189 129 133 158 119 156   0 134 199 125 140 139 185 183 153 109 125 226  53 195 155 166 107 111 137 175 205 116 131 177 117 169 106 173 167 168  97 143 138 177 119 143 164  90
 130 209 222 191 126 202 104 111 208 138 128 134 132 132 156 164 156 184 170 242 190 144 184 196 166 136 132 122 106 114 112 117 110 168 104 164 132 172 222 125 141 144 122 100  64 236 172 140 156 170 176 120 114 120 230 124 110 148 262 115 118 135 134   0 216 146 109 224  88  94  86 136 116 115 176 200 116  69  90  90 208 174 182 169 134 140 110 154 173 198  74 167 154 122 219 138 198 144 119 171
 189 104 103 144  81 101 193 122  51  65 179 123 111 117 153  97 177 237 207 149 141 103 159 139 159 165 139 177 117 273 199 170 199 251 113 187 199 167 103 166 170 237 123  99 147 137 109 143 117 153  39 139 145 127 155 197 141 149 121 122 155  68 199 216   0 185 156 155 181 147 129 257 237 142 213 119 103 102 119 175  97 175 129 126 215 109 277 101 138  49 239 146 113 159 138 145 119 167 166 150
 199 196  49 176 135 195 139 256 213 175 185 173 155 131 111 207 127 103 133 127 135 161 217 181 197 151 121 199 187 115 105 106  77  53 263 129  41 179 173 170 166 227 213 165  57 139 163 113 163 107  97  53 187  53 193 195  79 171  95  86 129  84 125 146 185   0 150  93 119 101 159 115 131 192 159 153 137 128 141 189 131 125 155 174 129 155  91 179 204 227 157 182 227 149  98  99 209 201 146 158
 156 147 242  95 102 176  90  91 154 138 126 126 172 230 180  72 262 108 154 220 220 148  78 188 128 196 196  96 164 100  98 189 120 118 120 244 182 144 124  93 225 124 136  46 164 204 116 108 152 130 224 152 194 152 176 118 174 112 194 203 248 139 140 109 156 150   0 120 204 184  90 148 136 119 190 242 128 115 192 176 120  72 128 241 104 192 180 138 145  90  92 135 100  54 275 132 136 144 207  89
 161 186 175 164 185 205 193 152 107 169 187  95 171 161  97 161 189  81 115 113 137 135 115 143 175 257 131 125 181 149 163 114 143  39 237 115  71 141 135 222 202 165 187 139  95 165 189  79 213 113 179 187 177 111 111  89 137 149  85 186 211 116 139 224 155  93 120   0 173 175 113 105 173 170 109 115 119 142 239 159 173  63 189 216 103 157 117 149 156 201 195 142 201 111 104 181 115 151 214 142
 187 164  69 106 151 111 191 152 125  87  81  57 113 183 199 183  83  99 121 139 155 257 193 109 145 135 113 143 175 143 197 198 153 125 143  93 149 159 181 122 158 199 125 161 141 155 191 153 115 155 197 105  59  33 225 127 119 183 155 118 161 168 185  88 181 119 204 173   0 101 143 171  79 102 199 161 205 160  85 101 115 221 187 160 133 195  47 115 214 251 101 158 263 197  80 139 185 201 124 234
 173 194 103 110 113 197 205 212 155  69 171 155 175 129 213 125 165 109 207 165 113 127 227 167 127  69  23 133  97 217 139 146 135 171 177 155 167 187 171 130 192 177 195 215 167 157  97  99 121 201 151 175  85  63 199 177  45 185 169 142  95  68 183  94 147 101 184 175 101   0 201  77  61 120 137 203 155 142 115 203 129 231 121 194 215 121 121 121 162 165 187  48 185 123 172 193 255  91 140 160
 151 246 193 166 171 135  35 162 141 143 141 137 125 155  79 135 191 155 213 195 179 169 173  97 197 255 201 199 179 123 193  86 125  73  59 157 133 121 117 188 132 167 137  61 129 159 211 141 199  99 157 109 223 145 209  99 139  79 135 110 209 172 153  86 129 159  90 113 143 201   0 203 163 226 175 125 125 136 153  73 171 117 167 224  65 103 159 239  88 175  97 166 159  61 152 183 149 205 148 210
  59 156 181 122 175 183 179 166 205 175 193 137 165 143 183 211 139 107 117 139  99 141 157 181 153 115 129  79 111  67  81 192 129  77 187 189 149 129 189 188 114 111 205 193 181 123 135 157 243 159 189 153 167 161  85 123 199 155 179 184 113  92 109 136 257 115 148 105 171  77 203   0 139 140 103 169 129 202 189 161 163 157 111 230 105 111  83 187 132 199 161  94 171 157 142 175 241 105 186  96
 207 182  93 124 147 171 147 146 205 127 125 141 219 123 155 131 171  51 161 151 167 161 157 117 125  95 117  87 151 183 181 154  85 161 123 173 125 129 181  74 182 147 213 109 197 183 135 113  71 195 237 189 155 121 249 131 115 131 171 178 161 138 125 116 237 131 136 173  79  61 163 139   0 124  95 225 249 180 117 133 103 153 187 124 109 219 111 111 210 183 113 150 195 145 194 159 197 109 110 168
 100 113  82 171 132 106 234 141 122 142 212  60 136 156 232 150  76 108 106  78 160 130 148 182  88 148 136  84  86 186  82 139 102 260 178 168 140 200 272 119 163 186 144 158 116 200 144 160 138 278 228 178  58 124 188 106 206 148 224 243 150 219 226 115 142 192 119 170 102 120 226 140 124   0 182 166 188  83 126 140 184 164 172 127 142 126 150  46 163 124 112  95 150 192 169 168  86  64 165 199
 127 166 153 164 195 251 107 116 213 167 149 249 139  71  55 135 147 127 145 159 127 133 101 121 149 143 129 207 171 143 173 132 161 125 179 125 101 177 165 184  66  95 229 129 137 123 143 169 115 195 169 209 127 209 113 115 183  95  71 160 181 166  53 176 213 159 190 109 199 137 175 103  95 182   0 137 129 228 181 133 163 177 223 110 149 115 127 183 134 195 149 166 127 205 106 171 165 129  98 186
 113 116  71 204 165 113 157 168 107 193 231 219  17  97 145 137 137 189 127  77 149 191  83 119 299 177 171 193 113 141 155 108 123 127 189  87 127 133 163 278  68 197 147 191  95  65 169 183 125 117  51 119 189 243 115 157 149 101 105  60 179 166 195 200 119 153 242 115 161 203 125 169 225 166 137   0 103 154 231 139 173 143 177 148 187  89 157 221  88 209 227 154 137 135 116 125 139 191 118 200
  97 104 219 188 173 249  69 162 135 181 139 131  73 121  85 125 205 173 175 161 189 175 163 167 207 193 111 189 165 201 171 124 203 119 145 155 115 159  99 206 174 157 103 131 111 157 109 131 145 169  95  99 185 231 171 125 161 105 125 128  87 106 155 116 103 137 128 119 205 155 125 129 249 188 129 103   0 116 175 219 225 139  97 152 235  89 133 205  90 169 159 162  65 135 200 117 207 119 174 194
 138 131 106 171 158 162 136 151 154 120 192  84 148 160 144 160 160 114 112 146 224 138 172 224 152 206 118  70 154 232 120 105  52 186 182 160  84 138 224 189 253 218 112 166  42 294 248 144 176 170 126 158 110 138 156 180 164 152 228 205 108 101 166  69 102 128 115 142 160 142 136 202 180  83 228 154 116   0  92  96 156  84 158 151 124 152 208  98 175 144 168 143 110  68 193 172 120 100 147 175
 109 152 103 138  65 161 133 158 155 121  63 131 207 109 129 201  57 157 143 205 209 115 211 143  43  93 143 121 197 149 211 114 155 191  65 135 163 181 183  98 148 193 167 123 203 185 165 127 181 165 131 119 101  87 203 181 129 217 229 190  55 166 107  90 119 141 192 239  85 115 153 189 117 126 181 231 175  92   0 111 121 227 165 142 183 201 113 125 218 133 135  96 193 191 134 145 127 135 144 186
 125 208 131 108 169  81 161  80 235 193 131 151 141 145 141 197 105 145 123 161 149 123 119 131 147 245 215  97 109 145 135 130  47 147 141 107 131  61 187 110 118 177 111 175  87 153 269 179 229 117 187 207 121 139 155  77 233  93 237 160 219 210 111  90 175 189 176 159 101 203  73 161 133 140 133 139 219  96 111   0 165 123 233 158  59 165 197 133 164 209  95 148 241 199  86 209  95 219 112 148
 247 138 113  20  87  87 179 104 105 107 145 169 143 191 183 111 163 183 133 231 171 157 153 157 149 123 149 115 139 163 197 276 113 153 103 133 205 105 149 164 182 183 189 141 189 123  83 149 127 199 145 161 203 105  77 163 127  91  91 134 241  90 137 208  97 131 120 173 115 129 171 163 103 184 163 173 225 156 121 165   0 137 127 176 157 167 203 143 166 123 173 158 219 109 192 191 121 165 116 130
 225 176 207 128 213 129  69 104 155 169 187 115 115 237 141  81 225 109 135 145 189 167 123 195 179 249 167 129 201 153 139 172 151 123 177 171  91  81 119 196 214  93  95 175  51 189 169 151 165 125 143 171 213 183 103 133 185  85 145 152 199 170 175 174 175 125  72  63 221 231 117 157 153 164 177 143 139  84 227 123 137   0 197 188  83 121 177 109 140 145  99 174 109  75 226 121  99 175 152 110
  95  98 189 120 143 115 167 236  69 159 117 133 139 135 151 179 143 159 117 127 155 185 229  77 161  95 117 147 155 191  97 176 169 157 139 205 173  67 117 146 192 135 149 161 205  55 107 229 167 167 161 157 191 157 117 195 135 115 143 148 105 114 205 182 129 155 128 189 187 121 167 111 187 172 223 177  97 158 165 233 127 197   0 166 169 111 147 215 156  99 133 158 127 101 166 155 181 121 160 132
 186  93  98 273 224 148 150 157 122 184 146 154 172  70  94 140  66 192 140  82 162 142 170 122 138 122 172 224 160 194 156 121 178 240 148 108 128 198 122 111 103 102 148 182 132 134 162 174  56 142 144 144 124 190 148 172 136 142 150  99  84 167 116 169 126 174 241 216 160 194 224 230 124 127 110 148 152 151 142 158 176 188 166   0 158 130 190 108 133 104 148 245 110 186  83 146  82 150 101 195
 169 138 159 142 241 121  97 120 163 157 187 103 187 173 149 213 133  97 159 149 201 191 127  67 135 229 259 153 233 105 167 142  55 123 129 179 115  83 143 144 134 125 147 127 139 161 261 191 165 109 207 143 189 131 107  89 169 141 141 166 207 218 131 134 215 129 104 103 133 215  65 105 109 142 149 187 235 124 183  59 157  83 169 158   0 153 185 185 156 149  51 228 201 119 130 161  83 167  80 174
 167 156 185 222 215 179  59 208 101 187 217 161  37 127  63 115 139 167 161 155 115 165 225 193 177 171 165 291 155 175 129 116 217 193 147 133  93 161 189 216  70 131 153 189  73 107  91 225 167 219 137  89 175 173 137 175 135  71 111  92 137 174 177 140 109 155 192 157 195 121 103 111 219 126 115  89  89 152 201 165 167 121 111 130 153   0 139 179  36 155 145 190  91 117 172 179 125 165 154 202
 123 216 165 180 143 243 115 200 181 171  65 141 149 163  99 243  99  87  93 167 139 189 181 161 113  91 117 143 159  63 153 102 229  45 171  53  93 201 165 134 146 191 225 165 165 151 151 125 183 147 217 105  91  65 189 155  67 239 135 158 101 184 117 110 277  91 180 117  47 121 159  83 111 150 127 157 133 208 113 197 203 177 147 190 185 139   0 147 220 223 121  98 163 161 118 115 193 145 150 228
 203 144 149 104  79 127 223  88 153  87 137  37 175 187 211 119 151  71 113 123 127 145 109 201  37 163  89  63 103 215 145 188 177 289 147 113 145 221 185  54 258 171 101 213 101 243 159 117 151 187 229 153  43  69 177 123 163 235 199 248 157 170 169 154 101 179 138 149 115 121 239 187 111  46 183 221 205  98 125 133 143 109 215 108 185 179 147   0 234 111 157 100 127 201 160 127  97  89 216 128
 156 119 192 201 240 114  44 149 144 214 230 196 106 180 120  82 190 210 212 154 116 158 156 216 190 160 184 222 168 104 142 143 144 146 144 160 176 144 182 181  21  94  96 150 160 132 100 118 142 172 126  74 222 286  76 126 228  26 122  89 138 195 106 173 138 204 145 156 214 162  88 132 210 163 134  88  90 175 218 164 166 140 156 133 156  36 220 234   0 164 128 159  88 110 159 188 128 144 163  95
 139  82 197 152 143 135 139 112  81 111 125 169 209 131 183 123 107 191 177 151 127  65 149 137  29 123 205 167 159 167 145 138 213 201  95 181 305 187  65  92 192 111 133 161 229 163 107 213 127 119  85 181 155 125 117 211  95 207 123 188 125 154 173 198  49 227  90 201 251 165 175 199 183 124 195 209 169 144 133 209 123 145  99 104 149 155 223 111 164   0 193 148  43 133 188 131 105 109 176 132
 177 198 219 130 173 137  61  94 203 141 147 135 117 201 177 181 113 161 171 189 217 211 159  95 179 145 155 161 233  81 127 140 139 175 133 147 103  61 183  78 146  81  79 123 115 165 161 183 157 165 235 119 133 163 175  73 173  93 209 136 175 302 167  74 239 157  92 195 101 187  97 161 113 112 149 227 159 168 135  95 173  99 133 148  51 145 121 157 128 193   0 208 185 175 146 153 139 159  82 168
  64 195 116  87  84 142 198 171 138 124 168 162 192 160 206 148 166 154 180 136 106  78 150 192 108 150  78  48  64 178 136 133 124 132 156 140 204 202 154 151 189 212 190 178 226 154 124  22 208 192 150 196  82 128 132 120 156 194 186 227  98 115 168 167 146 182 135 142 158  48 166  94 150  95 166 154 162 143  96 148 158 174 158 245 228 190  98 100 159 148 208   0 168 142 157 208 158  72 201 147
  95 110 249 232 183 211  63 112 181 115 153 181 131 131 123 103 231 175 149 171 143 145 141 233 109  99 157 167 147 139 105 142 233 177 135 141 189 193 141 134 122  87  89 145 161 231 131 181 127 127  97 141 119 217 121 263 151 147 119 152 101 154  97 154 113 227 100 201 263 185 159 171 195 150 127 137  65 110 193 241 219 109 127 110 201  91 163 127  88  43 185 168   0  81 248  83 185  93 196 128
 165 192 187 182 173 173  89 150 119 145 135 163 173 201 121  81 269 117 135 181 217 171 131 175 183 169 167 145 153 153 107 148 103  99 125 175 163 129 147 176 170 157 211 111 119 165 185 119 161 109 175 183 213 171 127 189  93 117 173 126 187 108 143 122 159 149  54 111 197 123  61 157 145 192 205 135 135  68 191 199 109  75 101 186 119 117 161 201 110 133 175 142  81   0 278 201 147 147 150 130
 122 183  44 181 178 108 216 209 142 140 162 150 172  86 150 252   0 162 126  30  98 148 208  60 170 162 116 190 178 116 162  99 168 100 224  94 124 178 136 185 113 156 162 208 138  90 242 168 190  72 116 118  88 106 142 134 158 176 106 113  96 159 138 219 138  98 275 104  80 172 152 142 194 169 106 116 200 193 134  86 192 226 166  83 130 172 118 160 159 188 146 157 248 278   0 174 146 204 135 197
 123  86 169 168 143 211 115 110 149 183 161 153 103 115 115 147 179 135 165 139 111 225  97 145 149 123 197 167 219 103 197 122 205 133 115 193 125 157 117 138 150 131  77 113 149 135 151 189  55  79  49  89 191 141 205 195 119 207 143  92 145 148 177 138 145  99 132 181 139 193 183 175 159 168 171 125 117 172 145 209 191 121 155 146 161 179 115 127 188 131 153 208  83 201 174   0 197 257 184 108
 181  74 151 154 145  97 137 130  87 225 151 119 183 165 109 169 101 157 147 141 241 131 103 139  75 221 235 153 169 169 195 122 139 227 117 127 155 141 127 160 132 145 147 139 147 133 153 107 153 177 211 143 157 175  91  77 169 149 169 214 179 248 119 198 119 209 136 115 185 255 149 241 197  86 165 139 207 120 127  95 121  99 181  82  83 125 193  97 128 105 139 158 185 147 146 197   0 143 120 148
 145 114 159 156 113 141 177 154 151 121 151 119 201 157 205 161 161 117 119 145 161  87 159 151  79  97  99  69  89 177  87 174 107 207 193 139 151 189 195 112 200 161 179 171 195 245 145  83 173 273 223 159  61 183  99 133 173 161 157 300  83 156 143 144 167 201 144 151 201  91 205 105 109  64 129 191 119 100 135 219 165 175 121 150 167 165 145  89 144 109 159  72  93 147 204 257 143   0 132 182
 234 161  88 153 174  80 126 129 200 138 154 248 136 162 154 202 134 192 208 186 200 120 142  54 208  68 174 186 118 172 162 181  96 172 162 150 100  84 134 169 113 184 206 112 136 114 174 174  48 204 126 206 136 170 110 148 128 106 126  73 172 183 164 119 166 146 207 214 124 140 148 186 110 165  98 118 174 147 144 112 116 152 160 101  80 154 150 216 163 176  82 201 196 150 135 184 120 132   0 201
 138 117 216  85  94 106 184  99 230 176 146 162 224 190 168 124 238 160 170 182  90 106  86 242 126 100 144  68 110 102 100 219 140 156 136 252 198  86 154  91 119  78 108 110 176 130  86 108 184 100 124 168 218 196  90 142 202 158 198 155 150 107  90 171 150 158  89 142 234 160 210  96 168 199 186 200 194 175 186 148 130 110 132 195 174 202 228 128  95 132 168 147 128 130 197 108 148 182 201   0

   0   1   6   7   8   9  10  11  12  13   1   2   4   5   8  10  11  14  15   2   3   7   9  12  13  15   6  10  14   4   5   6   7   8  15  17   5   8   9  10  12  15  18  19   6   8  12  13  16  19   9  11  12  14  19  21  14  17  18  22  11  12  13  15  16  18  10  12  14  15  16  19  21  22  14  15  16  18  19  21  24  25  12  13  21  23  13  19  20  21  22  24  27  14  16  17  18  21  22  27
   1   0   5   6   7   8   9  10  11  12   2   1   3   4   7   9  10  13  14   3   2   6   8  11  12  14   5   9  13   5   4   5   6   7  14  16   6   7   8   9  11  14  17  18   7   7  11  12  15  18   8  10  11  13  18  20  13  16  17  21  10  11  12  14  15  17  11  11  13  14  15  18  20  21  13  14  15  17  18  20  23  24  13  12  20  22  14  18  19  20  21  23  26  15  15  16  17  20  21  26
   6   5   0   1   2   3   4   5   6   7   7   6   4   3   2   4   5   8   9   8   7   3   3   6   7   9   6   4   8  10   9   8   7   6   9  11  11   8   7   6   6   9  12  13  12  10   6   7  10  13  11   9   8   8  13  15   8  11  12  16  13  12  11   9  10  12  16  14  12  11  10  13  15  16  14  13  12  12  13  15  18  19  18  17  15  17  19  13  14  15  16  18  21  20  18  17  16  15  16  21
   7   6   1   0   1   2   3   4   5   6   8   7   5   4   1   3   4   7   8   9   8   4   2   5   6   8   7   3   7  11  10   9   8   7   8  10  12   9   8   7   5   8  11  12  13  11   7   6   9  12  12  10   9   7  12  14   9  10  11  15  14  13  12  10   9  11  17  15  13  12  11  12  14  15  15  14  13  11  12  14  17  18  19  18  14  16  20  14  13  14  15  17  20  21  19  18  17  14  15  20
   8   7   2   1   0   1   2   3   4   5   9   8   6   5   2   2   3   6   7  10   9   5   3   4   5   7   8   4   6  12  11  10   9   8   7   9  13  10   9   8   6   7  10  11  14  12   8   7   8  11  13  11  10   8  11  13  10   9  10  14  15  14  13  11  10  10  18  16  14  13  12  11  13  14  16  15  14  12  11  13  16  17  20  19  13  15  21  15  14  13  14  16  19  22  20  19  18  15  14  19
   9   8   3   2   1   0   1   2   3   4  10   9   7   6   3   1   2   5   6  11  10   6   4   3   4   6   9   5   5  13  12  11  10   9   6   8  14  11  10   9   7   6   9  10  15  13   9   8   7  10  14  12  11   9  10  12  11   8   9  13  16  15  14  12  11   9  19  17  15  14  13  10  12  13  17  16  15  13  12  12  15  16  21  20  12  14  22  16  15  14  13  15  18  23  21  20  19  16  15  18
  10   9   4   3   2   1   0   1   2   3  11  10   8   7   4   2   1   4   5  12  11   7   5   2   3   5  10   6   4  14  13  12  11  10   5   7  15  12  11  10   8   5   8   9  16  14  10   9   6   9  15  13  12  10   9  11  12   9   8  12  17  16  15  13  12  10  20  18  16  15  14  11  11  12  18  17  16  14  13  11  14  15  22  21  13  13  23  17  16  15  14  14  17  24  22  21  20  17  16  17
  11  10   5   4   3   2   1   0   1   2  12  11   9   8   5   3   2   3   4  13  12   8   6   3   2   4  11   7   3  15  14  13  12  11   4   6  16  13  12  11   9   6   7   8  17  15  11  10   7   8  16  14  13  11   8  10  13  10   9  11  18  17  16  14  13  11  21  19  17  16  15  12  10  11  19  18  17  15  14  12  13  14  23  22  14  12  24  18  17  16  15  13  16  25  23  22  21  18  17  16
  12  11   6   5   4   3   2   1   0   1  13  12  10   9   6   4   3   2   3  14  13   9   7   4   3   3  12   8   4  16  15  14  13  12   5   5  17  14  13  12  10   7   6   7  18  16  12  11   8   7  17  15  14  12   7   9  14  11  10  10  19  18  17  15  14  12  22  20  18  17  16  13  11  10  20  19  18  16  15  13  12  13  24  23  15  13  25  19  18  17  16  14  15  26  24  23  22  19  18  15
  13  12   7   6   5   4   3   2   1   0  14  13  11  10   7   5   4   1   2  15  14  10   8   5   4   2  13   9   5  17  16  15  14  13   6   4  18  15  14  13  11   8   5   6  19  17  13  12   9   6  18  16  15  13   8   8  15  12  11   9  20  19  18  16  15  13  23  21  19  18  17  14  12  11  21  20  19  17  16  14  11  12  25  24  16  14  26  20  19  18  17  15  14  27  25  24  23  20  19  14
   1   2   7   8   9  10  11  12  13  14   0   1   3   4   7   9  10  13  14   1   2   6   8  11  12  14   5   9  13   3   4   5   6   7  14  16   4   7   8   9  11  14  17  18   5   7  11  12  15  18   8  10  11  13  18  20  13  16  17  21  10  11  12  14  15  17   9  11  13  14  15  18  20  21  13  14  15  17  18  20  23  24  11  12  20  22  12  18  19  20  21  23  26  13  15  16  17  20  21  26
   2   1   6   7   8   9  10  11  12  13   1   0   2   3   6   8   9  12  13   2   1   5   7  10  11  13   4   8  12   4   3   4   5   6  13  15   5   6   7   8  10  13  16  17   6   6  10  11  14  17   7   9  10  12  17  19  12  15  16  20   9  10  11  13  14  16  10  10  12  13  14  17  19  20  12  13  14  16  17  19  22  23  12  11  19  21  13  17  18  19  20  22  25  14  14  15  16  19  20  25
   4   3   4   5   6   7   8   9  10  11   3   2   0   1   4   6   7  10  11   4   3   3   5   8   9  11   2   6  10   6   5   4   3   4  11  13   7   4   5   6   8  11  14  15   8   6   8   9  12  15   7   7   8  10  15  17  10  13  14  18   9   8   9  11  12  14  12  10  10  11  12  15  17  18  10  11  12  14  15  17  20  21  14  13  17  19  15  15  16  17  18  20  23  16  14  13  14  17  18  23
   5   4   3   4   5   6   7   8   9  10   4   3   1   0   3   5   6   9  10   5   4   2   4   7   8  10   3   5   9   7   6   5   4   3  10  12   8   5   4   5   7  10  13  14   9   7   7   8  11  14   8   6   7   9  14  16   9  12  13  17  10   9   8  10  11  13  13  11   9  10  11  14  16  17  11  10  11  13  14  16  19  20  15  14  16  18  16  14  15  16  17  19  22  17  15  14  13  16  17  22
   8   7   2   1   2   3   4   5   6   7   7   6   4   3   0   2   3   6   7   8   7   3   1   4   5   7   6   2   6  10   9   8   7   6   7   9  11   8   7   6   4   7  10  11  12  10   6   5   8  11  11   9   8   6  11  13   8   9  10  14  13  12  11   9   8  10  16  14  12  11  10  11  13  14  14  13  12  10  11  13  16  17  18  17  13  15  19  13  12  13  14  16  19  20  18  17  16  13  14  19
  10   9   4   3   2   1   2   3   4   5   9   8   6   5   2   0   1   4   5  10   9   5   3   2   3   5   8   4   4  12  11  10   9   8   5   7  13  10   9   8   6   5   8   9  14  12   8   7   6   9  13  11  10   8   9  11  10   7   8  12  15  14  13  11  10   8  18  16  14  13  12   9  11  12  16  15  14  12  11  11  14  15  20  19  11  13  21  15  14  13  12  14  17  22  20  19  18  15  14  17
  11  10   5   4   3   2   1   2   3   4  10   9   7   6   3   1   0   3   4  11  10   6   4   1   2   4   9   5   3  13  12  11  10   9   4   6  14  11  10   9   7   4   7   8  15  13   9   8   5   8  14  12  11   9   8  10  11   8   7  11  16  15  14  12  11   9  19  17  15  14  13  10  10  11  17  16  15  13  12  10  13  14  21  20  12  12  22  16  15  14  13  13  16  23  21  20  19  16  15  16
  14  13   8   7   6   5   4   3   2   1  13  12  10   9   6   4   3   0   1  14  13   9   7   4   3   1  12   8   4  16  15  14  13  12   5   3  17  14  13  12  10   7   4   5  18  16  12  11   8   5  17  15  14  12   7   7  14  11  10   8  19  18  17  15  14  12  22  20  18  17  16  13  11  10  20  19  18  16  15  13  10  11  24  23  15  13  25  19  18  17  16  14  13  26  24  23  22  19  18  13
  15  14   9   8   7   6   5   4   3   2  14  13  11  10   7   5   4   1   0  15  14  10   8   5   4   2  13   9   5  17  16  15  14  13   6   4  18  15  14  13  11   8   5   4  19  17  13  12   9   6  18  16  15  13   8   6  15  12  11   7  20  19  18  16  15  13  23  21  19  18  17  14  12  11  21  20  19  17  16  14  11  10  25  24  16  14  26  20  19  18  17  15  12  27  25  24  23  20  19  14
   2   3   8   9  10  11  12  13  14  15   1   2   4   5   8  10  11  14  15   0   1   5   7  10  11  13   4   8  12   2   3   4   5   6  13  15   3   6   7   8  10  13  16  17   4   6  10  11  14  17   7   9  10  12  17  19  12  15  16  20   9  10  11  13  14  16   8  10  12  13  14  17  19  20  12  13  14  16  17  19  22  23  10  11  19  21  11  17  18  19  20  22  25  12  14  15  16  19  20  25
   3   2   7   8   9  10  11  12  13  14   2   1   3   4   7   9  10  13  14   1   0   4   6   9  10  12   3   7  11   3   2   3   4   5  12  14   4   5   6   7   9  12  15  16   5   5   9  10  13  16   6   8   9  11  16  18  11  14  15  19   8   9  10  12  13  15   9   9  11  12  13  16  18  19  11  12  13  15  16  18  21  22  11  10  18  20  12  16  17  18  19  21  24  13  13  14  15  18  19  24
   7   6   3   4   5   6   7   8   9  10   6   5   3   2   3   5   6   9  10   5   4   0   2   5   6   8   3   3   7   7   6   5   4   3   8  10   8   5   4   3   5   8  11  12   9   7   5   6   9  12   8   6   5   7  12  14   7  10  11  15  10   9   8   8   9  11  13  11   9   8   9  12  14  15  11  10   9  11  12  14  17  18  15  14  14  16  16  12  13  14  15  17  20  17  15  14  13  14  15  20
   9   8   3   2   3   4   5   6   7   8   8   7   5   4   1   3   4   7   8   7   6   2   0   3   4   6   5   1   5   9   8   7   6   5   6   8  10   7   6   5   3   6   9  10  11   9   5   4   7  10  10   8   7   5  10  12   7   8   9  13  12  11  10   8   7   9  15  13  11  10   9  10  12  13  13  12  11   9  10  12  15  16  17  16  12  14  18  12  11  12  13  15  18  19  17  16  15  12  13  18
  12  11   6   5   4   3   2   3   4   5  11  10   8   7   4   2   1   4   5  10   9   5   3   0   1   3   8   4   2  12  11  10   9   8   3   5  13  10   9   8   6   3   6   7  14  12   8   7   4   7  13  11  10   8   7   9  10   7   6  10  15  14  13  11  10   8  18  16  14  13  12   9   9  10  16  15  14  12  11   9  12  13  20  19  11  11  21  15  14  13  12  12  15  22  20  19  18  15  14  15
  13  12   7   6   5   4   3   2   3   4  12  11   9   8   5   3   2   3   4  11  10   6   4   1   0   2   9   5   1  13  12  11  10   9   2   4  14  11  10   9   7   4   5   6  15  13   9   8   5   6  14  12  11   9   6   8  11   8   7   9  16  15  14  12  11   9  19  17  15  14  13  10   8   9  17  16  15  13  12  10  11  12  21  20  12  10  22  16  15  14  13  11  14  23  21  20  19  16  15  14
  15  14   9   8   7   6   5   4   3   2  14  13  11  10   7   5   4   1   2  13  12   8   6   3   2   0  11   7   3  15  14  13  12  11   4   2  16  13  12  11   9   6   3   4  17  15  11  10   7   4  16  14  13  11   6   6  13  10   9   7  18  17  16  14  13  11  21  19  17  16  15  12  10   9  19  18  17  15  14  12   9  10  23  22  14  12  24  18  17  16  15  13  12  25  23  22  21  18  17  12
   6   5   6   7   8   9  10  11  12  13   5   4   2   3   6   8   9  12  13   4   3   3   5   8   9  11   0   4   8   4   3   2   1   2   9  11   5   2   3   4   6   9  12  13   6   4   6   7  10  13   5   5   6   8  13  15   8  11  12  16   7   6   7   9  10  12  10   8   8   9  10  13  15  16   8   9  10  12  13  15  18  19  12  11  15  17  13  13  14  15  16  18  21  14  12  11  12  15  16  21
  10   9   4   3   4   5   6   7   8   9   9   8   6   5   2   4   5   8   9   8   7   3   1   4   5   7   4   0   4   8   7   6   5   4   5   7   9   6   5   4   2   5   8   9  10   8   4   3   6   9   9   7   6   4   9  11   6   7   8  12  11  10   9   7   6   8  14  12  10   9   8   9  11  12  12  11  10   8   9  11  14  15  16  15  11  13  17  11  10  11  12  14  17  18  16  15  14  11  12  17
  14  13   8   7   6   5   4   3   4   5  13  12  10   9   6   4   3   4   5  12  11   7   5   2   1   3   8   4   0  12  11  10   9   8   1   3  13  10   9   8   6   3   4   5  14  12   8   7   4   5  13  11  10   8   5   7  10   7   6   8  15  14  13  11  10   8  18  16  14  13  12   9   7   8  16  15  14  12  11   9  10  11  20  19  11   9  21  15  14  13  12  10  13  22  20  19  18  15  14  13
   4   5  10  11  12  13  14  15  16  17   3   4   6   7  10  12  13  16  17   2   3   7   9  12  13  15   4   8  12   0   1   2   3   4  11  13   1   4   5   6   8  11  14  15   2   4   8   9  12  15   5   7   8  10  15  17  10  13  14  18   7   8   9  11  12  14   6   8  10  11  12  15  17  18  10  11  12  14  15  17  20  21   8   9  17  19   9  15  16  17  18  20  23  10  12  13  14  17  18  23
   5   4   9  10  11  12  13  14  15  16   4   3   5   6   9  11  12  15  16   3   2   6   8  11  12  14   3   7  11   1   0   1   2   3  10  12   2   3   4   5   7  10  13  14   3   3   7   8  11  14   4   6   7   9  14  16   9  12  13  17   6   7   8  10  11  13   7   7   9  10  11  14  16  17   9  10  11  13  14  16  19  20   9   8  16  18  10  14  15  16  17  19  22  11  11  12  13  16  17  22
   6   5   8   9  10  11  12  13  14  15   5   4   4   5   8  10  11  14  15   4   3   5   7  10  11  13   2   6  10   2   1   0   1   2   9  11   3   2   3   4   6   9  12  13   4   2   6   7  10  13   3   5   6   8  13  15   8  11  12  16   5   6   7   9  10  12   8   6   8   9  10  13  15  16   8   9  10  12  13  15  18  19  10   9  15  17  11  13  14  15  16  18  21  12  10  11  12  15  16  21
   7   6   7   8   9  10  11  12  13  14   6   5   3   4   7   9  10  13  14   5   4   4   6   9  10  12   1   5   9   3   2   1   0   1   8  10   4   1   2   3   5   8  11  12   5   3   5   6   9  12   4   4   5   7  12  14   7  10  11  15   6   5   6   8   9  11   9   7   7   8   9  12  14  15   7   8   9  11  12  14  17  18  11  10  14  16  12  12  13  14  15  17  20  13  11  10  11  14  15  20
   8   7   6   7   8   9  10  11  12  13   7   6   4   3   6   8   9  12  13   6   5   3   5   8   9  11   2   4   8   4   3   2   1   0   7   9   5   2   1   2   4   7  10  11   6   4   4   5   8  11   5   3   4   6  11  13   6   9  10  14   7   6   5   7   8  10  10   8   6   7   8  11  13  14   8   7   8  10  11  13  16  17  12  11  13  15  13  11  12  13  14  16  19  14  12  11  10  13  14  19
  15  14   9   8   7   6   5   4   5   6  14  13  11  10   7   5   4   5   6  13  12   8   6   3   2   4   9   5   1  11  10   9   8   7   0   2  12   9   8   7   5   2   3   4  13  11   7   6   3   4  12  10   9   7   4   6   9   6   5   7  14  13  12  10   9   7  17  15  13  12  11   8   6   7  15  14  13  11  10   8   9  10  19  18  10   8  20  14  13  12  11   9  12  21  19  18  17  14  13  12
  17  16  11  10   9   8   7   6   5   4  16  15  13  12   9   7   6   3   4  15  14  10   8   5   4   2  11   7   3  13  12  11  10   9   2   0  14  11  10   9   7   4   1   2  15  13   9   8   5   2  14  12  11   9   4   4  11   8   7   5  16  15  14  12  11   9  19  17  15  14  13  10   8   7  17  16  15  13  12  10   7   8  21  20  12  10  22  16  15  14  13  11  10  23  21  20  19  16  15  10
   5   6  11  12  13  14  15  16  17  18   4   5   7   8  11  13  14  17  18   3   4   8  10  13  14  16   5   9  13   1   2   3   4   5  12  14   0   3   4   5   7  10  13  14   1   3   7   8  11  14   4   6   7   9  14  16   9  12  13  17   6   7   8  10  11  13   5   7   9  10  11  14  16  17   9  10  11  13  14  16  19  20   7   8  16  18   8  14  15  16  17  19  22   9  11  12  13  16  17  22
   8   7   8   9  10  11  12  13  14  15   7   6   4   5   8  10  11  14  15   6   5   5   7  10  11  13   2   6  10   4   3   2   1   2   9  11   3   0   1   2   4   7  10  11   4   2   4   5   8  11   3   3   4   6  11  13   6   9  10  14   5   4   5   7   8  10   8   6   6   7   8  11  13  14   6   7   8  10  11  13  16  17  10   9  13  15  11  11  12  13  14  16  19  12  10   9  10  13  14  19
   9   8   7   8   9  10  11  12  13  14   8   7   5   4   7   9  10  13  14   7   6   4   6   9  10  12   3   5   9   5   4   3   2   1   8  10   4   1   0   1   3   6   9  10   5   3   3   4   7  10   4   2   3   5  10  12   5   8   9  13   6   5   4   6   7   9   9   7   5   6   7  10  12  13   7   6   7   9  10  12  15  16  11  10  12  14  12  10  11  12  13  15  18  13  11  10   9  12  13  18
  10   9   6   7   8   9  10  11  12  13   9   8   6   5   6   8   9  12  13   8   7   3   5   8   9  11   4   4   8   6   5   4   3   2   7   9   5   2   1   0   2   5   8   9   6   4   2   3   6   9   5   3   2   4   9  11   4   7   8  12   7   6   5   5   6   8  10   8   6   5   6   9  11  12   8   7   6   8   9  11  14  15  12  11  11  13  13   9  10  11  12  14  17  14  12  11  10  11  12  17
  12  11   6   5   6   7   8   9  10  11  11  10   8   7   4   6   7  10  11  10   9   5   3   6   7   9   6   2   6   8   7   6   5   4   5   7   7   4   3   2   0   3   6   7   8   6   2   1   4   7   7   5   4   2   7   9   4   5   6  10   9   8   7   5   4   6  12  10   8   7   6   7   9  10  10   9   8   6   7   9  12  13  14  13   9  11  15   9   8   9  10  12  15  16  14  13  12   9  10  15
  15  14   9   8   7   6   5   6   7   8  14  13  11  10   7   5   4   7   8  13  12   8   6   3   4   6   9   5   3  11  10   9   8   7   2   4  10   7   6   5   3   0   3   4  11   9   5   4   1   4  10   8   7   5   4   6   7   4   3   7  12  11  10   8   7   5  15  13  11  10   9   6   6   7  13  12  11   9   8   6   9  10  17  16   8   8  18  12  11  10   9   9  12  19  17  16  15  12  11  12
  18  17  12  11  10   9   8   7   6   5  17  16  14  13  10   8   7   4   5  16  15  11   9   6   5   3  12   8   4  14  13  12  11  10   3   1  13  10   9   8   6   3   0   1  14  12   8   7   4   1  13  11  10   8   3   3  10   7   6   4  15  14  13  11  10   8  18  16  14  13  12   9   7   6  16  15  14  12  11   9   6   7  20  19  11   9  21  15  14  13  12  10   9  22  20  19  18  15  14   9
  19  18  13  12  11  10   9   8   7   6  18  17  15  14  11   9   8   5   4  17  16  12  10   7   6   4  13   9   5  15  14  13  12  11   4   2  14  11  10   9   7   4   1   0  15  13   9   8   5   2  14  12  11   9   4   2  11   8   7   3  16  15  14  12  11   9  19  17  15  14  13  10   8   7  17  16  15  13  12  10   7   6  21  20  12  10  22  16  15  14  13  11   8  23  21  20  19  16  15  10
   6   7  12  13  14  15  16  17  18  19   5   6   8   9  12  14  15  18  19   4   5   9  11  14  15  17   6  10  14   2   3   4   5   6  13  15   1   4   5   6   8  11  14  15   0   2   6   7  10  13   3   5   6   8  13  15   8  11  12  16   5   6   7   9  10  12   4   6   8   9  10  13  15  16   8   9  10  12  13  15  18  19   6   7  15  17   7  13  14  15  16  18  21   8  10  11  12  15  16  21
   8   7  10  11  12  13  14  15  16  17   7   6   6   7  10  12  13  16  17   6   5   7   9  12  13  15   4   8  12   4   3   2   3   4  11  13   3   2   3   4   6   9  12  13   2   0   4   5   8  11   1   3   4   6  11  13   6   9  10  14   3   4   5   7   8  10   6   4   6   7   8  11  13  14   6   7   8  10  11  13  16  17   8   7  13  15   9  11  12  13  14  16  19  10   8   9  10  13  14  19
  12  11   6   7   8   9  10  11  12  13  11  10   8   7   6   8   9  12  13  10   9   5   5   8   9  11   6   4   8   8   7   6   5   4   7   9   7   4   3   2   2   5   8   9   6   4   0   1   4   7   5   3   2   2   7   9   2   5   6  10   7   6   5   3   4   6  10   8   6   5   4   7   9  10   8   7   6   6   7   9  12  13  12  11   9  11  13   7   8   9  10  12  15  14  12  11  10   9  10  15
  13  12   7   6   7   8   9  10  11  12  12  11   9   8   5   7   8  11  12  11  10   6   4   7   8  10   7   3   7   9   8   7   6   5   6   8   8   5   4   3   1   4   7   8   7   5   1   0   3   6   6   4   3   1   6   8   3   4   5   9   8   7   6   4   3   5  11   9   7   6   5   6   8   9   9   8   7   5   6   8  11  12  13  12   8  10  14   8   7   8   9  11  14  15  13  12  11   8   9  14
  16  15  10   9   8   7   6   7   8   9  15  14  12  11   8   6   5   8   9  14  13   9   7   4   5   7  10   6   4  12  11  10   9   8   3   5  11   8   7   6   4   1   4   5  10   8   4   3   0   3   9   7   6   4   3   5   6   3   2   6  11  10   9   7   6   4  14  12  10   9   8   5   5   6  12  11  10   8   7   5   8   9  16  15   7   7  17  11  10   9   8   8  11  18  16  15  14  11  10  11
  19  18  13  12  11  10   9   8   7   6  18  17  15  14  11   9   8   5   6  17  16  12  10   7   6   4  13   9   5  15  14  13  12  11   4   2  14  11  10   9   7   4   1   2  13  11   7   6   3   0  12  10   9   7   2   2   9   6   5   3  14  13  12  10   9   7  17  15  13  12  11   8   6   5  15  14  13  11  10   8   5   6  19  18  10   8  20  14  13  12  11   9   8  21  19  18  17  14  13   8
   9   8  11  12  13  14  15  16  17  18   8   7   7   8  11  13  14  17  18   7   6   8  10  13  14  16   5   9  13   5   4   3   4   5  12  14   4   3   4   5   7  10  13  14   3   1   5   6   9  12   0   2   3   5  10  12   5   8   9  13   2   3   4   6   7   9   5   3   5   6   7  10  12  13   5   6   7   9  10  12  15  16   7   6  12  14   8  10  11  12  13  15  18   9   7   8   9  12  13  18
  11  10   9  10  11  12  13  14  15  16  10   9   7   6   9  11  12  15  16   9   8   6   8  11  12  14   5   7  11   7   6   5   4   3  10  12   6   3   2   3   5   8  11  12   5   3   3   4   7  10   2   0   1   3   8  10   3   6   7  11   4   3   2   4   5   7   7   5   3   4   5   8  10  11   5   4   5   7   8  10  13  14   9   8  10  12  10   8   9  10  11  13  16  11   9   8   7  10  11  16
  12  11   8   9  10  11  12  13  14  15  11  10   8   7   8  10  11  14  15  10   9   5   7  10  11  13   6   6  10   8   7   6   5   4   9  11   7   4   3   2   4   7  10  11   6   4   2   3   6   9   3   1   0   2   7   9   2   5   6  10   5   4   3   3   4   6   8   6   4   3   4   7   9  10   6   5   4   6   7   9  12  13  10   9   9  11  11   7   8   9  10  12  15  12  10   9   8   9  10  15
  14  13   8   7   8   9  10  11  12  13  13  12  10   9   6   8   9  12  13  12  11   7   5   8   9  11   8   4   8  10   9   8   7   6   7   9   9   6   5   4   2   5   8   9   8   6   2   1   4   7   5   3   2   0   5   7   2   3   4   8   7   6   5   3   2   4  10   8   6   5   4   5   7   8   8   7   6   4   5   7  10  11  12  11   7   9  13   7   6   7   8  10  13  14  12  11  10   7   8  13
  19  18  13  12  11  10   9   8   7   8  18  17  15  14  11   9   8   7   8  17  16  12  10   7   6   6  13   9   5  15  14  13  12  11   4   4  14  11  10   9   7   4   3   4  13  11   7   6   3   2  10   8   7   5   0   2   7   4   3   3  12  11  10   8   7   5  15  13  11  10   9   6   4   3  13  12  11   9   8   6   5   6  17  16   8   6  18  12  11  10   9   7   8  19  17  16  15  12  11   8
  21  20  15  14  13  12  11  10   9   8  20  19  17  16  13  11  10   7   6  19  18  14  12   9   8   6  15  11   7  17  16  15  14  13   6   4  16  13  12  11   9   6   3   2  15  13   9   8   5   2  12  10   9   7   2   0   9   6   5   1  14  13  12  10   9   7  17  15  13  12  11   8   6   5  15  14  13  11  10   8   5   4  19  18  10   8  20  14  13  12  11   9   6  21  19  18  17  14  13   8
  14  13   8   9  10  11  12  13  14  15  13  12  10   9   8  10  11  14  15  12  11   7   7  10  11  13   8   6  10  10   9   8   7   6   9  11   9   6   5   4   4   7  10  11   8   6   2   3   6   9   5   3   2   2   7   9   0   3   4   8   5   4   3   1   2   4   8   6   4   3   2   5   7   8   6   5   4   4   5   7  10  11  10   9   7   9  11   5   6   7   8  10  13  12  10   9   8   7   8  13
  17  16  11  10   9   8   9  10  11  12  16  15  13  12   9   7   8  11  12  15  14  10   8   7   8  10  11   7   7  13  12  11  10   9   6   8  12   9   8   7   5   4   7   8  11   9   5   4   3   6   8   6   5   3   4   6   3   0   1   5   8   7   6   4   3   1  11   9   7   6   5   2   4   5   9   8   7   5   4   4   7   8  13  12   4   6  14   8   7   6   5   7  10  15  13  12  11   8   7  10
  18  17  12  11  10   9   8   9  10  11  17  16  14  13  10   8   7  10  11  16  15  11   9   6   7   9  12   8   6  14  13  12  11  10   5   7  13  10   9   8   6   3   6   7  12  10   6   5   2   5   9   7   6   4   3   5   4   1   0   4   9   8   7   5   4   2  12  10   8   7   6   3   3   4  10   9   8   6   5   3   6   7  14  13   5   5  15   9   8   7   6   6   9  16  14  13  12   9   8   9
  22  21  16  15  14  13  12  11  10   9  21  20  18  17  14  12  11   8   7  20  19  15  13  10   9   7  16  12   8  18  17  16  15  14   7   5  17  14  13  12  10   7   4   3  16  14  10   9   6   3  13  11  10   8   3   1   8   5   4   0  13  12  11   9   8   6  16  14  12  11  10   7   5   4  14  13  12  10   9   7   4   3  18  17   9   7  19  13  12  11  10   8   5  20  18  17  16  13  12   7
  11  10  13  14  15  16  17  18  19  20  10   9   9  10  13  15  16  19  20   9   8  10  12  15  16  18   7  11  15   7   6   5   6   7  14  16   6   5   6   7   9  12  15  16   5   3   7   8  11  14   2   4   5   7  12  14   5   8   9  13   0   1   2   4   5   7   3   1   3   4   5   8  10  11   3   4   5   7   8  10  13  14   5   4  10  12   6   8   9  10  11  13  16   7   5   6   7  10  11  16
  12  11  12  13  14  15  16  17  18  19  11  10   8   9  12  14  15  18  19  10   9   9  11  14  15  17   6  10  14   8   7   6   5   6  13  15   7   4   5   6   8  11  14  15   6   4   6   7  10  13   3   3   4   6  11  13   4   7   8  12   1   0   1   3   4   6   4   2   2   3   4   7   9  10   2   3   4   6   7   9  12  13   6   5   9  11   7   7   8   9  10  12  15   8   6   5   6   9  10  15
  13  12  11  12  13  14  15  16  17  18  12  11   9   8  11  13  14  17  18  11  10   8  10  13  14  16   7   9  13   9   8   7   6   5  12  14   8   5   4   5   7  10  13  14   7   5   5   6   9  12   4   2   3   5  10  12   3   6   7  11   2   1   0   2   3   5   5   3   1   2   3   6   8   9   3   2   3   5   6   8  11  12   7   6   8  10   8   6   7   8   9  11  14   9   7   6   5   8   9  14
  15  14   9  10  11  12  13  14  15  16  14  13  11  10   9  11  12  15  16  13  12   8   8  11  12  14   9   7  11  11  10   9   8   7  10  12  10   7   6   5   5   8  11  12   9   7   3   4   7  10   6   4   3   3   8  10   1   4   5   9   4   3   2   0   1   3   7   5   3   2   1   4   6   7   5   4   3   3   4   6   9  10   9   8   6   8  10   4   5   6   7   9  12  11   9   8   7   6   7  12
  16  15  10   9  10  11  12  13  14  15  15  14  12  11   8  10  11  14  15  14  13   9   7  10  11  13  10   6  10  12  11  10   9   8   9  11  11   8   7   6   4   7  10  11  10   8   4   3   6   9   7   5   4   2   7   9   2   3   4   8   5   4   3   1   0   2   8   6   4   3   2   3   5   6   6   5   4   2   3   5   8   9  10   9   5   7  11   5   4   5   6   8  11  12  10   9   8   5   6  11
  18  17  12  11  10   9  10  11  12  13  17  16  14  13  10   8   9  12  13  16  15  11   9   8   9  11  12   8   8  14  13  12  11  10   7   9  13  10   9   8   6   5   8   9  12  10   6   5   4   7   9   7   6   4   5   7   4   1   2   6   7   6   5   3   2   0  10   8   6   5   4   1   3   4   8   7   6   4   3   3   6   7  12  11   3   5  13   7   6   5   4   6   9  14  12  11  10   7   6   9
  10  11  16  17  18  19  20  21  22  23   9  10  12  13  16  18  19  22  23   8   9  13  15  18  19  21  10  14  18   6   7   8   9  10  17  19   5   8   9  10  12  15  18  19   4   6  10  11  14  17   5   7   8  10  15  17   8  11  12  16   3   4   5   7   8  10   0   2   4   5   6   9  11  12   4   5   6   8   9  11  14  15   2   3  11  13   3   9  10  11  12  14  17   4   6   7   8  11  12  17
  12  11  14  15  16  17  18  19  20  21  11  10  10  11  14  16  17  20  21  10   9  11  13  16  17  19   8  12  16   8   7   6   7   8  15  17   7   6   7   8  10  13  16  17   6   4   8   9  12  15   3   5   6   8  13  15   6   9  10  14   1   2   3   5   6   8   2   0   2   3   4   7   9  10   2   3   4   6   7   9  12  13   4   3   9  11   5   7   8   9  10  12  15   6   4   5   6   9  10  15
  14  13  12  13  14  15  16  17  18  19  13  12  10   9  12  14  15  18  19  12  11   9  11  14  15  17   8  10  14  10   9   8   7   6  13  15   9   6   5   6   8  11  14  15   8   6   6   7  10  13   5   3   4   6  11  13   4   7   8  12   3   2   1   3   4   6   4   2   0   1   2   5   7   8   2   1   2   4   5   7  10  11   6   5   7   9   7   5   6   7   8  10  13   8   6   5   4   7   8  13
  15  14  11  12  13  14  15  16  17  18  14  13  11  10  11  13  14  17  18  13  12   8  10  13  14  16   9   9  13  11  10   9   8   7  12  14  10   7   6   5   7  10  13  14   9   7   5   6   9  12   6   4   3   5  10  12   3   6   7  11   4   3   2   2   3   5   5   3   1   0   1   4   6   7   3   2   1   3   4   6   9  10   7   6   6   8   8   4   5   6   7   9  12   9   7   6   5   6   7  12
  16  15  10  11  12  13  14  15  16  17  15  14  12  11  10  12  13  16  17  14  13   9   9  12  13  15  10   8  12  12  11  10   9   8  11  13  11   8   7   6   6   9  12  13  10   8   4   5   8  11   7   5   4   4   9  11   2   5   6  10   5   4   3   1   2   4   6   4   2   1   0   3   5   6   4   3   2   2   3   5   8   9   8   7   5   7   9   3   4   5   6   8  11  10   8   7   6   5   6  11
  19  18  13  12  11  10  11  12  13  14  18  17  15  14  11   9  10  13  14  17  16  12  10   9  10  12  13   9   9  15  14  13  12  11   8  10  14  11  10   9   7   6   9  10  13  11   7   6   5   8  10   8   7   5   6   8   5   2   3   7   8   7   6   4   3   1   9   7   5   4   3   0   2   3   7   6   5   3   2   2   5   6  11  10   2   4  12   6   5   4   3   5   8  13  11  10   9   6   5   8
  21  20  15  14  13  12  11  10  11  12  20  19  17  16  13  11  10  11  12  19  18  14  12   9   8  10  15  11   7  17  16  15  14  13   6   8  16  13  12  11   9   6   7   8  15  13   9   8   5   6  12  10   9   7   4   6   7   4   3   5  10   9   8   6   5   3  11   9   7   6   5   2   0   1   9   8   7   5   4   2   3   4  13  12   4   2  14   8   7   6   5   3   6  15  13  12  11   8   7   6
  22  21  16  15  14  13  12  11  10  11  21  20  18  17  14  12  11  10  11  20  19  15  13  10   9   9  16  12   8  18  17  16  15  14   7   7  17  14  13  12  10   7   6   7  16  14  10   9   6   5  13  11  10   8   3   5   8   5   4   4  11  10   9   7   6   4  12  10   8   7   6   3   1   0  10   9   8   6   5   3   2   3  14  13   5   3  15   9   8   7   6   4   5  16  14  13  12   9   8   5
  14  13  14  15  16  17  18  19  20  21  13  12  10  11  14  16  17  20  21  12  11  11  13  16  17  19   8  12  16  10   9   8   7   8  15  17   9   6   7   8  10  13  16  17   8   6   8   9  12  15   5   5   6   8  13  15   6   9  10  14   3   2   3   5   6   8   4   2   2   3   4   7   9  10   0   1   2   4   5   7  10  11   4   3   7   9   5   5   6   7   8  10  13   6   4   3   4   7   8  13
  15  14  13  14  15  16  17  18  19  20  14  13  11  10  13  15  16  19  20  13  12  10  12  15  16  18   9  11  15  11  10   9   8   7  14  16  10   7   6   7   9  12  15  16   9   7   7   8  11  14   6   4   5   7  12  14   5   8   9  13   4   3   2   4   5   7   5   3   1   2   3   6   8   9   1   0   1   3   4   6   9  10   5   4   6   8   6   4   5   6   7   9  12   7   5   4   3   6   7  12
  16  15  12  13  14  15  16  17  18  19  15  14  12  11  12  14  15  18  19  14  13   9  11  14  15  17  10  10  14  12  11  10   9   8  13  15  11   8   7   6   8  11  14  15  10   8   6   7  10  13   7   5   4   6  11  13   4   7   8  12   5   4   3   3   4   6   6   4   2   1   2   5   7   8   2   1   0   2   3   5   8   9   6   5   5   7   7   3   4   5   6   8  11   8   6   5   4   5   6  11
  18  17  12  11  12  13  14  15  16  17  17  16  14  13  10  12  13  16  17  16  15  11   9  12  13  15  12   8  12  14  13  12  11  10  11  13  13  10   9   8   6   9  12  13  12  10   6   5   8  11   9   7   6   4   9  11   4   5   6  10   7   6   5   3   2   4   8   6   4   3   2   3   5   6   4   3   2   0   1   3   6   7   8   7   3   5   9   3   2   3   4   6   9  10   8   7   6   3   4   9
  19  18  13  12  11  12  13  14  15  16  18  17  15  14  11  11  12  15  16  17  16  12  10  11  12  14  13   9  11  15  14  13  12  11  10  12  14  11  10   9   7   8  11  12  13  11   7   6   7  10  10   8   7   5   8  10   5   4   5   9   8   7   6   4   3   3   9   7   5   4   3   2   4   5   5   4   3   1   0   2   5   6   9   8   2   4  10   4   3   2   3   5   8  11   9   8   7   4   3   8
  21  20  15  14  13  12  11  12  13  14  20  19  17  16  13  11  10  13  14  19  18  14  12   9  10  12  15  11   9  17  16  15  14  13   8  10  16  13  12  11   9   6   9  10  15  13   9   8   5   8  12  10   9   7   6   8   7   4   3   7  10   9   8   6   5   3  11   9   7   6   5   2   2   3   7   6   5   3   2   0   3   4  11  10   2   2  12   6   5   4   3   3   6  13  11  10   9   6   5   6
  24  23  18  17  16  15  14  13  12  11  23  22  20  19  16  14  13  10  11  22  21  17  15  12  11   9  18  14  10  20  19  18  17  16   9   7  19  16  15  14  12   9   6   7  18  16  12  11   8   5  15  13  12  10   5   5  10   7   6   4  13  12  11   9   8   6  14  12  10   9   8   5   3   2  10   9   8   6   5   3   0   1  14  13   5   3  15   9   8   7   6   4   3  16  14  13  12   9   8   3
  25  24  19  18  17  16  15  14  13  12  24  23  21  20  17  15  14  11  10  23  22  18  16  13  12  10  19  15  11  21  20  19  18  17  10   8  20  17  16  15  13  10   7   6  19  17  13  12   9   6  16  14  13  11   6   4  11   8   7   3  14  13  12  10   9   7  15  13  11  10   9   6   4   3  11  10   9   7   6   4   1   0  15  14   6   4  16  10   9   8   7   5   2  17  15  14  13  10   9   4
  12  13  18  19  20  21  22  23  24  25  11  12  14  15  18  20  21  24  25  10  11  15  17  20  21  23  12  16  20   8   9  10  11  12  19  21   7  10  11  12  14  17  20  21   6   8  12  13  16  19   7   9  10  12  17  19  10  13  14  18   5   6   7   9  10  12   2   4   6   7   8  11  13  14   4   5   6   8   9  11  14  15   0   1   9  11   1   7   8   9  10  12  15   2   4   5   6   9  10  15
  13  12  17  18  19  20  21  22  23  24  12  11  13  14  17  19  20  23  24  11  10  14  16  19  20  22  11  15  19   9   8   9  10  11  18  20   8   9  10  11  13  16  19  20   7   7  11  12  15  18   6   8   9  11  16  18   9  12  13  17   4   5   6   8   9  11   3   3   5   6   7  10  12  13   3   4   5   7   8  10  13  14   1   0   8  10   2   6   7   8   9  11  14   3   3   4   5   8   9  14
  21  20  15  14  13  12  13  14  15  16  20  19  17  16  13  11  12  15  16  19  18  14  12  11  12  14  15  11  11  17  16  15  14  13  10  12  16  13  12  11   9   8  11  12  15  13   9   8   7  10  12  10   9   7   8  10   7   4   5   9  10   9   8   6   5   3  11   9   7   6   5   2   4   5   7   6   5   3   2   2   5   6   9   8   0   2  10   4   3   2   1   3   6  11   9   8   7   4   3   6
  23  22  17  16  15  14  13  12  13  14  22  21  19  18  15  13  12  13  14  21  20  16  14  11  10  12  17  13   9  19  18  17  16  15   8  10  18  15  14  13  11   8   9  10  17  15  11  10   7   8  14  12  11   9   6   8   9   6   5   7  12  11  10   8   7   5  13  11   9   8   7   4   2   3   9   8   7   5   4   2   3   4  11  10   2   0  12   6   5   4   3   1   4  13  11  10   9   6   5   4
  13  14  19  20  21  22  23  24  25  26  12  13  15  16  19  21  22  25  26  11  12  16  18  21  22  24  13  17  21   9  10  11  12  13  20  22   8  11  12  13  15  18  21  22   7   9  13  14  17  20   8  10  11  13  18  20  11  14  15  19   6   7   8  10  11  13   3   5   7   8   9  12  14  15   5   6   7   9  10  12  15  16   1   2  10  12   0   6   7   8   9  11  14   1   3   4   5   8   9  14
  19  18  13  14  15  16  17  18  19  20  18  17  15  14  13  15  16  19  20  17  16  12  12  15  16  18  13  11  15  15  14  13  12  11  14  16  14  11  10   9   9  12  15  16  13  11   7   8  11  14  10   8   7   7  12  14   5   8   9  13   8   7   6   4   5   7   9   7   5   4   3   6   8   9   5   4   3   3   4   6   9  10   7   6   4   6   6   0   1   2   3   5   8   7   5   4   3   2   3   8
  20  19  14  13  14  15  16  17  18  19  19  18  16  15  12  14  15  18  19  18  17  13  11  14  15  17  14  10  14  16  15  14  13  12  13  15  15  12  11  10   8  11  14  15  14  12   8   7  10  13  11   9   8   6  11  13   6   7   8  12   9   8   7   5   4   6  10   8   6   5   4   5   7   8   6   5   4   2   3   5   8   9   8   7   3   5   7   1   0   1   2   4   7   8   6   5   4   1   2   7
  21  20  15  14  13  14  15  16  17  18  20  19  17  16  13  13  14  17  18  19  18  14  12  13  14  16  15  11  13  17  16  15  14  13  12  14  16  13  12  11   9  10  13  14  15  13   9   8   9  12  12  10   9   7  10  12   7   6   7  11  10   9   8   6   5   5  11   9   7   6   5   4   6   7   7   6   5   3   2   4   7   8   9   8   2   4   8   2   1   0   1   3   6   9   7   6   5   2   1   6
  22  21  16  15  14  13  14  15  16  17  21  20  18  17  14  12  13  16  17  20  19  15  13  12  13  15  16  12  12  18  17  16  15  14  11  13  17  14  13  12  10   9  12  13  16  14  10   9   8  11  13  11  10   8   9  11   8   5   6  10  11  10   9   7   6   4  12  10   8   7   6   3   5   6   8   7   6   4   3   3   6   7  10   9   1   3   9   3   2   1   0   2   5  10   8   7   6   3   2   5
  24  23  18  17  16  15  14  13  14  15  23  22  20  19  16  14  13  14  15  22  21  17  15  12  11  13  18  14  10  20  19  18  17  16   9  11  19  16  15  14  12   9  10  11  18  16  12  11   8   9  15  13  12  10   7   9  10   7   6   8  13  12  11   9   8   6  14  12  10   9   8   5   3   4  10   9   8   6   5   3   4   5  12  11   3   1  11   5   4   3   2   0   3  12  10   9   8   5   4   3
  27  26  21  20  19  18  17  16  15  14  26  25  23  22  19  17  16  13  12  25  24  20  18  15  14  12  21  17  13  23  22  21  20  19  12  10  22  19  18  17  15  12   9   8  21  19  15  14  11   8  18  16  15  13   8   6  13  10   9   5  16  15  14  12  11   9  17  15  13  12  11   8   6   5  13  12  11   9   8   6   3   2  15  14   6   4  14   8   7   6   5   3   0  15  13  12  11   8   7   2
  14  15  20  21  22  23  24  25  26  27  13  14  16  17  20  22  23  26  27  12  13  17  19  22  23  25  14  18  22  10  11  12  13  14  21  23   9  12  13  14  16  19  22  23   8  10  14  15  18  21   9  11  12  14  19  21  12  15  16  20   7   8   9  11  12  14   4   6   8   9  10  13  15  16   6   7   8  10  11  13  16  17   2   3  11  13   1   7   8   9  10  12  15   0   2   3   4   7   8  13
  16  15  18  19  20  21  22  23  24  25  15  14  14  15  18  20  21  24  25  14  13  15  17  20  21  23  12  16  20  12  11  10  11  12  19  21  11  10  11  12  14  17  20  21  10   8  12  13  16  19   7   9  10  12  17  19  10  13  14  18   5   6   7   9  10  12   6   4   6   7   8  11  13  14   4   5   6   8   9  11  14  15   4   3   9  11   3   5   6   7   8  10  13   2   0   1   2   5   6  11
  17  16  17  18  19  20  21  22  23  24  16  15  13  14  17  19  20  23  24  15  14  14  16  19  20  22  11  15  19  13  12  11  10  11  18  20  12   9  10  11  13  16  19  20  11   9  11  12  15  18   8   8   9  11  16  18   9  12  13  17   6   5   6   8   9  11   7   5   5   6   7  10  12  13   3   4   5   7   8  10  13  14   5   4   8  10   4   4   5   6   7   9  12   3   1   0   1   4   5  10
  18  17  16  17  18  19  20  21  22  23  17  16  14  13  16  18  19  22  23  16  15  13  15  18  19  21  12  14  18  14  13  12  11  10  17  19  13  10   9  10  12  15  18  19  12  10  10  11  14  17   9   7   8  10  15  17   8  11  12  16   7   6   5   7   8  10   8   6   4   5   6   9  11  12   4   3   4   6   7   9  12  13   6   5   7   9   5   3   4   5   6   8  11   4   2   1   0   3   4   9
  21  20  15  14  15  16  17  18  19  20  20  19  17  16  13  15  16  19  20  19  18  14  12  15  16  18  15  11  15  17  16  15  14  13  14  16  16  13  12  11   9  12  15  16  15  13   9   8  11  14  12  10   9   7  12  14   7   8   9  13  10   9   8   6   5   7  11   9   7   6   5   6   8   9   7   6   5   3   4   6   9  10   9   8   4   6   8   2   1   2   3   5   8   7   5   4   3   0   1   6
  22  21  16  15  14  15  16  17  18  19  21  20  18  17  14  14  15  18  19  20  19  15  13  14  15  17  16  12  14  18  17  16  15  14  13  15  17  14  13  12  10  11  14  15  16  14  10   9  10  13  13  11  10   8  11  13   8   7   8  12  11  10   9   7   6   6  12  10   8   7   6   5   7   8   8   7   6   4   3   5   8   9  10   9   3   5   9   3   2   1   2   4   7   8   6   5   4   1   0   5
  27  26  21  20  19  18  17  16  15  14  26  25  23  22  19  17  16  13  14  25  24  20  18  15  14  12  21  17  13  23  22  21  20  19  12  10  22  19  18  17  15  12   9  10  21  19  15  14  11   8  18  16  15  13   8   8  13  10   9   7  16  15  14  12  11   9  17  15  13  12  11   8   6   5  13  12  11   9   8   6   3   4  15  14   6   4  14   8   7   6   5   3   2  13  11  10   9   6   5   0

15008994
