100

0	100	25	11	0	0	0	0	0	0	100	50	20	10	0	0	0	0	0	0	25	20	13	8	0	0	0	0	0	0	11	10	8	6	0	0	0	0	0	0	0	0	0	0	0	0	0	0	0	0	0	0	0	0	0	0	0	0	0	0	0	0	0	0	0	0	0	0	0	0	0	0	0	0	0	0	0	0	0	0	0	0	0	0	0	0	0	0	0	0	0	0	0	0	0	0	0	0	0	0
100	0	100	25	11	0	0	0	0	0	50	100	50	20	10	0	0	0	0	0	20	25	20	13	8	0	0	0	0	0	10	11	10	8	6	0	0	0	0	0	0	0	0	0	0	0	0	0	0	0	0	0	0	0	0	0	0	0	0	0	0	0	0	0	0	0	0	0	0	0	0	0	0	0	0	0	0	0	0	0	0	0	0	0	0	0	0	0	0	0	0	0	0	0	0	0	0	0	0	0
25	100	0	100	25	11	0	0	0	0	20	50	100	50	20	10	0	0	0	0	13	20	25	20	13	8	0	0	0	0	8	10	11	10	8	6	0	0	0	0	0	0	0	0	0	0	0	0	0	0	0	0	0	0	0	0	0	0	0	0	0	0	0	0	0	0	0	0	0	0	0	0	0	0	0	0	0	0	0	0	0	0	0	0	0	0	0	0	0	0	0	0	0	0	0	0	0	0	0	0
11	25	100	0	100	25	11	0	0	0	10	20	50	100	50	20	10	0	0	0	8	13	20	25	20	13	8	0	0	0	6	8	10	11	10	8	6	0	0	0	0	0	0	0	0	0	0	0	0	0	0	0	0	0	0	0	0	0	0	0	0	0	0	0	0	0	0	0	0	0	0	0	0	0	0	0	0	0	0	0	0	0	0	0	0	0	0	0	0	0	0	0	0	0	0	0	0	0	0	0
0	11	25	100	0	100	25	11	0	0	0	10	20	50	100	50	20	10	0	0	0	8	13	20	25	20	13	8	0	0	0	6	8	10	11	10	8	6	0	0	0	0	0	0	0	0	0	0	0	0	0	0	0	0	0	0	0	0	0	0	0	0	0	0	0	0	0	0	0	0	0	0	0	0	0	0	0	0	0	0	0	0	0	0	0	0	0	0	0	0	0	0	0	0	0	0	0	0	0	0
0	0	11	25	100	0	100	25	11	0	0	0	10	20	50	100	50	20	10	0	0	0	8	13	20	25	20	13	8	0	0	0	6	8	10	11	10	8	6	0	0	0	0	0	0	0	0	0	0	0	0	0	0	0	0	0	0	0	0	0	0	0	0	0	0	0	0	0	0	0	0	0	0	0	0	0	0	0	0	0	0	0	0	0	0	0	0	0	0	0	0	0	0	0	0	0	0	0	0	0
0	0	0	11	25	100	0	100	25	11	0	0	0	10	20	50	100	50	20	10	0	0	0	8	13	20	25	20	13	8	0	0	0	6	8	10	11	10	8	6	0	0	0	0	0	0	0	0	0	0	0	0	0	0	0	0	0	0	0	0	0	0	0	0	0	0	0	0	0	0	0	0	0	0	0	0	0	0	0	0	0	0	0	0	0	0	0	0	0	0	0	0	0	0	0	0	0	0	0	0
0	0	0	0	11	25	100	0	100	25	0	0	0	0	10	20	50	100	50	20	0	0	0	0	8	13	20	25	20	13	0	0	0	0	6	8	10	11	10	8	0	0	0	0	0	0	0	0	0	0	0	0	0	0	0	0	0	0	0	0	0	0	0	0	0	0	0	0	0	0	0	0	0	0	0	0	0	0	0	0	0	0	0	0	0	0	0	0	0	0	0	0	0	0	0	0	0	0	0	0
0	0	0	0	0	11	25	100	0	100	0	0	0	0	0	10	20	50	100	50	0	0	0	0	0	8	13	20	25	20	0	0	0	0	0	6	8	10	11	10	0	0	0	0	0	0	0	0	0	0	0	0	0	0	0	0	0	0	0	0	0	0	0	0	0	0	0	0	0	0	0	0	0	0	0	0	0	0	0	0	0	0	0	0	0	0	0	0	0	0	0	0	0	0	0	0	0	0	0	0
0	0	0	0	0	0	11	25	100	0	0	0	0	0	0	0	10	20	50	100	0	0	0	0	0	0	8	13	20	25	0	0	0	0	0	0	6	8	10	11	0	0	0	0	0	0	0	0	0	0	0	0	0	0	0	0	0	0	0	0	0	0	0	0	0	0	0	0	0	0	0	0	0	0	0	0	0	0	0	0	0	0	0	0	0	0	0	0	0	0	0	0	0	0	0	0	0	0	0	0
100	50	20	10	0	0	0	0	0	0	0	100	25	11	0	0	0	0	0	0	100	50	20	10	0	0	0	0	0	0	25	20	13	8	0	0	0	0	0	0	11	10	8	6	0	0	0	0	0	0	0	0	0	0	0	0	0	0	0	0	0	0	0	0	0	0	0	0	0	0	0	0	0	0	0	0	0	0	0	0	0	0	0	0	0	0	0	0	0	0	0	0	0	0	0	0	0	0	0	0
50	100	50	20	10	0	0	0	0	0	100	0	100	25	11	0	0	0	0	0	50	100	50	20	10	0	0	0	0	0	20	25	20	13	8	0	0	0	0	0	10	11	10	8	6	0	0	0	0	0	0	0	0	0	0	0	0	0	0	0	0	0	0	0	0	0	0	0	0	0	0	0	0	0	0	0	0	0	0	0	0	0	0	0	0	0	0	0	0	0	0	0	0	0	0	0	0	0	0	0
20	50	100	50	20	10	0	0	0	0	25	100	0	100	25	11	0	0	0	0	20	50	100	50	20	10	0	0	0	0	13	20	25	20	13	8	0	0	0	0	8	10	11	10	8	6	0	0	0	0	0	0	0	0	0	0	0	0	0	0	0	0	0	0	0	0	0	0	0	0	0	0	0	0	0	0	0	0	0	0	0	0	0	0	0	0	0	0	0	0	0	0	0	0	0	0	0	0	0	0
10	20	50	100	50	20	10	0	0	0	11	25	100	0	100	25	11	0	0	0	10	20	50	100	50	20	10	0	0	0	8	13	20	25	20	13	8	0	0	0	6	8	10	11	10	8	6	0	0	0	0	0	0	0	0	0	0	0	0	0	0	0	0	0	0	0	0	0	0	0	0	0	0	0	0	0	0	0	0	0	0	0	0	0	0	0	0	0	0	0	0	0	0	0	0	0	0	0	0	0
0	10	20	50	100	50	20	10	0	0	0	11	25	100	0	100	25	11	0	0	0	10	20	50	100	50	20	10	0	0	0	8	13	20	25	20	13	8	0	0	0	6	8	10	11	10	8	6	0	0	0	0	0	0	0	0	0	0	0	0	0	0	0	0	0	0	0	0	0	0	0	0	0	0	0	0	0	0	0	0	0	0	0	0	0	0	0	0	0	0	0	0	0	0	0	0	0	0	0	0
0	0	10	20	50	100	50	20	10	0	0	0	11	25	100	0	100	25	11	0	0	0	10	20	50	100	50	20	10	0	0	0	8	13	20	25	20	13	8	0	0	0	6	8	10	11	10	8	6	0	0	0	0	0	0	0	0	0	0	0	0	0	0	0	0	0	0	0	0	0	0	0	0	0	0	0	0	0	0	0	0	0	0	0	0	0	0	0	0	0	0	0	0	0	0	0	0	0	0	0
0	0	0	10	20	50	100	50	20	10	0	0	0	11	25	100	0	100	25	11	0	0	0	10	20	50	100	50	20	10	0	0	0	8	13	20	25	20	13	8	0	0	0	6	8	10	11	10	8	6	0	0	0	0	0	0	0	0	0	0	0	0	0	0	0	0	0	0	0	0	0	0	0	0	0	0	0	0	0	0	0	0	0	0	0	0	0	0	0	0	0	0	0	0	0	0	0	0	0	0
0	0	0	0	10	20	50	100	50	20	0	0	0	0	11	25	100	0	100	25	0	0	0	0	10	20	50	100	50	20	0	0	0	0	8	13	20	25	20	13	0	0	0	0	6	8	10	11	10	8	0	0	0	0	0	0	0	0	0	0	0	0	0	0	0	0	0	0	0	0	0	0	0	0	0	0	0	0	0	0	0	0	0	0	0	0	0	0	0	0	0	0	0	0	0	0	0	0	0	0
0	0	0	0	0	10	20	50	100	50	0	0	0	0	0	11	25	100	0	100	0	0	0	0	0	10	20	50	100	50	0	0	0	0	0	8	13	20	25	20	0	0	0	0	0	6	8	10	11	10	0	0	0	0	0	0	0	0	0	0	0	0	0	0	0	0	0	0	0	0	0	0	0	0	0	0	0	0	0	0	0	0	0	0	0	0	0	0	0	0	0	0	0	0	0	0	0	0	0	0
0	0	0	0	0	0	10	20	50	100	0	0	0	0	0	0	11	25	100	0	0	0	0	0	0	0	10	20	50	100	0	0	0	0	0	0	8	13	20	25	0	0	0	0	0	0	6	8	10	11	0	0	0	0	0	0	0	0	0	0	0	0	0	0	0	0	0	0	0	0	0	0	0	0	0	0	0	0	0	0	0	0	0	0	0	0	0	0	0	0	0	0	0	0	0	0	0	0	0	0
25	20	13	8	0	0	0	0	0	0	100	50	20	10	0	0	0	0	0	0	0	100	25	11	0	0	0	0	0	0	100	50	20	10	0	0	0	0	0	0	25	20	13	8	0	0	0	0	0	0	11	10	8	6	0	0	0	0	0	0	0	0	0	0	0	0	0	0	0	0	0	0	0	0	0	0	0	0	0	0	0	0	0	0	0	0	0	0	0	0	0	0	0	0	0	0	0	0	0	0
20	25	20	13	8	0	0	0	0	0	50	100	50	20	10	0	0	0	0	0	100	0	100	25	11	0	0	0	0	0	50	100	50	20	10	0	0	0	0	0	20	25	20	13	8	0	0	0	0	0	10	11	10	8	6	0	0	0	0	0	0	0	0	0	0	0	0	0	0	0	0	0	0	0	0	0	0	0	0	0	0	0	0	0	0	0	0	0	0	0	0	0	0	0	0	0	0	0	0	0
13	20	25	20	13	8	0	0	0	0	20	50	100	50	20	10	0	0	0	0	25	100	0	100	25	11	0	0	0	0	20	50	100	50	20	10	0	0	0	0	13	20	25	20	13	8	0	0	0	0	8	10	11	10	8	6	0	0	0	0	0	0	0	0	0	0	0	0	0	0	0	0	0	0	0	0	0	0	0	0	0	0	0	0	0	0	0	0	0	0	0	0	0	0	0	0	0	0	0	0
8	13	20	25	20	13	8	0	0	0	10	20	50	100	50	20	10	0	0	0	11	25	100	0	100	25	11	0	0	0	10	20	50	100	50	20	10	0	0	0	8	13	20	25	20	13	8	0	0	0	6	8	10	11	10	8	6	0	0	0	0	0	0	0	0	0	0	0	0	0	0	0	0	0	0	0	0	0	0	0	0	0	0	0	0	0	0	0	0	0	0	0	0	0	0	0	0	0	0	0
0	8	13	20	25	20	13	8	0	0	0	10	20	50	100	50	20	10	0	0	0	11	25	100	0	100	25	11	0	0	0	10	20	50	100	50	20	10	0	0	0	8	13	20	25	20	13	8	0	0	0	6	8	10	11	10	8	6	0	0	0	0	0	0	0	0	0	0	0	0	0	0	0	0	0	0	0	0	0	0	0	0	0	0	0	0	0	0	0	0	0	0	0	0	0	0	0	0	0	0
0	0	8	13	20	25	20	13	8	0	0	0	10	20	50	100	50	20	10	0	0	0	11	25	100	0	100	25	11	0	0	0	10	20	50	100	50	20	10	0	0	0	8	13	20	25	20	13	8	0	0	0	6	8	10	11	10	8	6	0	0	0	0	0	0	0	0	0	0	0	0	0	0	0	0	0	0	0	0	0	0	0	0	0	0	0	0	0	0	0	0	0	0	0	0	0	0	0	0	0
0	0	0	8	13	20	25	20	13	8	0	0	0	10	20	50	100	50	20	10	0	0	0	11	25	100	0	100	25	11	0	0	0	10	20	50	100	50	20	10	0	0	0	8	13	20	25	20	13	8	0	0	0	6	8	10	11	10	8	6	0	0	0	0	0	0	0	0	0	0	0	0	0	0	0	0	0	0	0	0	0	0	0	0	0	0	0	0	0	0	0	0	0	0	0	0	0	0	0	0
0	0	0	0	8	13	20	25	20	13	0	0	0	0	10	20	50	100	50	20	0	0	0	0	11	25	100	0	100	25	0	0	0	0	10	20	50	100	50	20	0	0	0	0	8	13	20	25	20	13	0	0	0	0	6	8	10	11	10	8	0	0	0	0	0	0	0	0	0	0	0	0	0	0	0	0	0	0	0	0	0	0	0	0	0	0	0	0	0	0	0	0	0	0	0	0	0	0	0	0
0	0	0	0	0	8	13	20	25	20	0	0	0	0	0	10	20	50	100	50	0	0	0	0	0	11	25	100	0	100	0	0	0	0	0	10	20	50	100	50	0	0	0	0	0	8	13	20	25	20	0	0	0	0	0	6	8	10	11	10	0	0	0	0	0	0	0	0	0	0	0	0	0	0	0	0	0	0	0	0	0	0	0	0	0	0	0	0	0	0	0	0	0	0	0	0	0	0	0	0
0	0	0	0	0	0	8	13	20	25	0	0	0	0	0	0	10	20	50	100	0	0	0	0	0	0	11	25	100	0	0	0	0	0	0	0	10	20	50	100	0	0	0	0	0	0	8	13	20	25	0	0	0	0	0	0	6	8	10	11	0	0	0	0	0	0	0	0	0	0	0	0	0	0	0	0	0	0	0	0	0	0	0	0	0	0	0	0	0	0	0	0	0	0	0	0	0	0	0	0
11	10	8	6	0	0	0	0	0	0	25	20	13	8	0	0	0	0	0	0	100	50	20	10	0	0	0	0	0	0	0	100	25	11	0	0	0	0	0	0	100	50	20	10	0	0	0	0	0	0	25	20	13	8	0	0	0	0	0	0	11	10	8	6	0	0	0	0	0	0	0	0	0	0	0	0	0	0	0	0	0	0	0	0	0	0	0	0	0	0	0	0	0	0	0	0	0	0	0	0
10	11	10	8	6	0	0	0	0	0	20	25	20	13	8	0	0	0	0	0	50	100	50	20	10	0	0	0	0	0	100	0	100	25	11	0	0	0	0	0	50	100	50	20	10	0	0	0	0	0	20	25	20	13	8	0	0	0	0	0	10	11	10	8	6	0	0	0	0	0	0	0	0	0	0	0	0	0	0	0	0	0	0	0	0	0	0	0	0	0	0	0	0	0	0	0	0	0	0	0
8	10	11	10	8	6	0	0	0	0	13	20	25	20	13	8	0	0	0	0	20	50	100	50	20	10	0	0	0	0	25	100	0	100	25	11	0	0	0	0	20	50	100	50	20	10	0	0	0	0	13	20	25	20	13	8	0	0	0	0	8	10	11	10	8	6	0	0	0	0	0	0	0	0	0	0	0	0	0	0	0	0	0	0	0	0	0	0	0	0	0	0	0	0	0	0	0	0	0	0
6	8	10	11	10	8	6	0	0	0	8	13	20	25	20	13	8	0	0	0	10	20	50	100	50	20	10	0	0	0	11	25	100	0	100	25	11	0	0	0	10	20	50	100	50	20	10	0	0	0	8	13	20	25	20	13	8	0	0	0	6	8	10	11	10	8	6	0	0	0	0	0	0	0	0	0	0	0	0	0	0	0	0	0	0	0	0	0	0	0	0	0	0	0	0	0	0	0	0	0
0	6	8	10	11	10	8	6	0	0	0	8	13	20	25	20	13	8	0	0	0	10	20	50	100	50	20	10	0	0	0	11	25	100	0	100	25	11	0	0	0	10	20	50	100	50	20	10	0	0	0	8	13	20	25	20	13	8	0	0	0	6	8	10	11	10	8	6	0	0	0	0	0	0	0	0	0	0	0	0	0	0	0	0	0	0	0	0	0	0	0	0	0	0	0	0	0	0	0	0
0	0	6	8	10	11	10	8	6	0	0	0	8	13	20	25	20	13	8	0	0	0	10	20	50	100	50	20	10	0	0	0	11	25	100	0	100	25	11	0	0	0	10	20	50	100	50	20	10	0	0	0	8	13	20	25	20	13	8	0	0	0	6	8	10	11	10	8	6	0	0	0	0	0	0	0	0	0	0	0	0	0	0	0	0	0	0	0	0	0	0	0	0	0	0	0	0	0	0	0
0	0	0	6	8	10	11	10	8	6	0	0	0	8	13	20	25	20	13	8	0	0	0	10	20	50	100	50	20	10	0	0	0	11	25	100	0	100	25	11	0	0	0	10	20	50	100	50	20	10	0	0	0	8	13	20	25	20	13	8	0	0	0	6	8	10	11	10	8	6	0	0	0	0	0	0	0	0	0	0	0	0	0	0	0	0	0	0	0	0	0	0	0	0	0	0	0	0	0	0
0	0	0	0	6	8	10	11	10	8	0	0	0	0	8	13	20	25	20	13	0	0	0	0	10	20	50	100	50	20	0	0	0	0	11	25	100	0	100	25	0	0	0	0	10	20	50	100	50	20	0	0	0	0	8	13	20	25	20	13	0	0	0	0	6	8	10	11	10	8	0	0	0	0	0	0	0	0	0	0	0	0	0	0	0	0	0	0	0	0	0	0	0	0	0	0	0	0	0	0
0	0	0	0	0	6	8	10	11	10	0	0	0	0	0	8	13	20	25	20	0	0	0	0	0	10	20	50	100	50	0	0	0	0	0	11	25	100	0	100	0	0	0	0	0	10	20	50	100	50	0	0	0	0	0	8	13	20	25	20	0	0	0	0	0	6	8	10	11	10	0	0	0	0	0	0	0	0	0	0	0	0	0	0	0	0	0	0	0	0	0	0	0	0	0	0	0	0	0	0
0	0	0	0	0	0	6	8	10	11	0	0	0	0	0	0	8	13	20	25	0	0	0	0	0	0	10	20	50	100	0	0	0	0	0	0	11	25	100	0	0	0	0	0	0	0	10	20	50	100	0	0	0	0	0	0	8	13	20	25	0	0	0	0	0	0	6	8	10	11	0	0	0	0	0	0	0	0	0	0	0	0	0	0	0	0	0	0	0	0	0	0	0	0	0	0	0	0	0	0
0	0	0	0	0	0	0	0	0	0	11	10	8	6	0	0	0	0	0	0	25	20	13	8	0	0	0	0	0	0	100	50	20	10	0	0	0	0	0	0	0	100	25	11	0	0	0	0	0	0	100	50	20	10	0	0	0	0	0	0	25	20	13	8	0	0	0	0	0	0	11	10	8	6	0	0	0	0	0	0	0	0	0	0	0	0	0	0	0	0	0	0	0	0	0	0	0	0	0	0
0	0	0	0	0	0	0	0	0	0	10	11	10	8	6	0	0	0	0	0	20	25	20	13	8	0	0	0	0	0	50	100	50	20	10	0	0	0	0	0	100	0	100	25	11	0	0	0	0	0	50	100	50	20	10	0	0	0	0	0	20	25	20	13	8	0	0	0	0	0	10	11	10	8	6	0	0	0	0	0	0	0	0	0	0	0	0	0	0	0	0	0	0	0	0	0	0	0	0	0
0	0	0	0	0	0	0	0	0	0	8	10	11	10	8	6	0	0	0	0	13	20	25	20	13	8	0	0	0	0	20	50	100	50	20	10	0	0	0	0	25	100	0	100	25	11	0	0	0	0	20	50	100	50	20	10	0	0	0	0	13	20	25	20	13	8	0	0	0	0	8	10	11	10	8	6	0	0	0	0	0	0	0	0	0	0	0	0	0	0	0	0	0	0	0	0	0	0	0	0
0	0	0	0	0	0	0	0	0	0	6	8	10	11	10	8	6	0	0	0	8	13	20	25	20	13	8	0	0	0	10	20	50	100	50	20	10	0	0	0	11	25	100	0	100	25	11	0	0	0	10	20	50	100	50	20	10	0	0	0	8	13	20	25	20	13	8	0	0	0	6	8	10	11	10	8	6	0	0	0	0	0	0	0	0	0	0	0	0	0	0	0	0	0	0	0	0	0	0	0
0	0	0	0	0	0	0	0	0	0	0	6	8	10	11	10	8	6	0	0	0	8	13	20	25	20	13	8	0	0	0	10	20	50	100	50	20	10	0	0	0	11	25	100	0	100	25	11	0	0	0	10	20	50	100	50	20	10	0	0	0	8	13	20	25	20	13	8	0	0	0	6	8	10	11	10	8	6	0	0	0	0	0	0	0	0	0	0	0	0	0	0	0	0	0	0	0	0	0	0
0	0	0	0	0	0	0	0	0	0	0	0	6	8	10	11	10	8	6	0	0	0	8	13	20	25	20	13	8	0	0	0	10	20	50	100	50	20	10	0	0	0	11	25	100	0	100	25	11	0	0	0	10	20	50	100	50	20	10	0	0	0	8	13	20	25	20	13	8	0	0	0	6	8	10	11	10	8	6	0	0	0	0	0	0	0	0	0	0	0	0	0	0	0	0	0	0	0	0	0
0	0	0	0	0	0	0	0	0	0	0	0	0	6	8	10	11	10	8	6	0	0	0	8	13	20	25	20	13	8	0	0	0	10	20	50	100	50	20	10	0	0	0	11	25	100	0	100	25	11	0	0	0	10	20	50	100	50	20	10	0	0	0	8	13	20	25	20	13	8	0	0	0	6	8	10	11	10	8	6	0	0	0	0	0	0	0	0	0	0	0	0	0	0	0	0	0	0	0	0
0	0	0	0	0	0	0	0	0	0	0	0	0	0	6	8	10	11	10	8	0	0	0	0	8	13	20	25	20	13	0	0	0	0	10	20	50	100	50	20	0	0	0	0	11	25	100	0	100	25	0	0	0	0	10	20	50	100	50	20	0	0	0	0	8	13	20	25	20	13	0	0	0	0	6	8	10	11	10	8	0	0	0	0	0	0	0	0	0	0	0	0	0	0	0	0	0	0	0	0
0	0	0	0	0	0	0	0	0	0	0	0	0	0	0	6	8	10	11	10	0	0	0	0	0	8	13	20	25	20	0	0	0	0	0	10	20	50	100	50	0	0	0	0	0	11	25	100	0	100	0	0	0	0	0	10	20	50	100	50	0	0	0	0	0	8	13	20	25	20	0	0	0	0	0	6	8	10	11	10	0	0	0	0	0	0	0	0	0	0	0	0	0	0	0	0	0	0	0	0
0	0	0	0	0	0	0	0	0	0	0	0	0	0	0	0	6	8	10	11	0	0	0	0	0	0	8	13	20	25	0	0	0	0	0	0	10	20	50	100	0	0	0	0	0	0	11	25	100	0	0	0	0	0	0	0	10	20	50	100	0	0	0	0	0	0	8	13	20	25	0	0	0	0	0	0	6	8	10	11	0	0	0	0	0	0	0	0	0	0	0	0	0	0	0	0	0	0	0	0
0	0	0	0	0	0	0	0	0	0	0	0	0	0	0	0	0	0	0	0	11	10	8	6	0	0	0	0	0	0	25	20	13	8	0	0	0	0	0	0	100	50	20	10	0	0	0	0	0	0	0	100	25	11	0	0	0	0	0	0	100	50	20	10	0	0	0	0	0	0	25	20	13	8	0	0	0	0	0	0	11	10	8	6	0	0	0	0	0	0	0	0	0	0	0	0	0	0	0	0
0	0	0	0	0	0	0	0	0	0	0	0	0	0	0	0	0	0	0	0	10	11	10	8	6	0	0	0	0	0	20	25	20	13	8	0	0	0	0	0	50	100	50	20	10	0	0	0	0	0	100	0	100	25	11	0	0	0	0	0	50	100	50	20	10	0	0	0	0	0	20	25	20	13	8	0	0	0	0	0	10	11	10	8	6	0	0	0	0	0	0	0	0	0	0	0	0	0	0	0
0	0	0	0	0	0	0	0	0	0	0	0	0	0	0	0	0	0	0	0	8	10	11	10	8	6	0	0	0	0	13	20	25	20	13	8	0	0	0	0	20	50	100	50	20	10	0	0	0	0	25	100	0	100	25	11	0	0	0	0	20	50	100	50	20	10	0	0	0	0	13	20	25	20	13	8	0	0	0	0	8	10	11	10	8	6	0	0	0	0	0	0	0	0	0	0	0	0	0	0
0	0	0	0	0	0	0	0	0	0	0	0	0	0	0	0	0	0	0	0	6	8	10	11	10	8	6	0	0	0	8	13	20	25	20	13	8	0	0	0	10	20	50	100	50	20	10	0	0	0	11	25	100	0	100	25	11	0	0	0	10	20	50	100	50	20	10	0	0	0	8	13	20	25	20	13	8	0	0	0	6	8	10	11	10	8	6	0	0	0	0	0	0	0	0	0	0	0	0	0
0	0	0	0	0	0	0	0	0	0	0	0	0	0	0	0	0	0	0	0	0	6	8	10	11	10	8	6	0	0	0	8	13	20	25	20	13	8	0	0	0	10	20	50	100	50	20	10	0	0	0	11	25	100	0	100	25	11	0	0	0	10	20	50	100	50	20	10	0	0	0	8	13	20	25	20	13	8	0	0	0	6	8	10	11	10	8	6	0	0	0	0	0	0	0	0	0	0	0	0
0	0	0	0	0	0	0	0	0	0	0	0	0	0	0	0	0	0	0	0	0	0	6	8	10	11	10	8	6	0	0	0	8	13	20	25	20	13	8	0	0	0	10	20	50	100	50	20	10	0	0	0	11	25	100	0	100	25	11	0	0	0	10	20	50	100	50	20	10	0	0	0	8	13	20	25	20	13	8	0	0	0	6	8	10	11	10	8	6	0	0	0	0	0	0	0	0	0	0	0
0	0	0	0	0	0	0	0	0	0	0	0	0	0	0	0	0	0	0	0	0	0	0	6	8	10	11	10	8	6	0	0	0	8	13	20	25	20	13	8	0	0	0	10	20	50	100	50	20	10	0	0	0	11	25	100	0	100	25	11	0	0	0	10	20	50	100	50	20	10	0	0	0	8	13	20	25	20	13	8	0	0	0	6	8	10	11	10	8	6	0	0	0	0	0	0	0	0	0	0
0	0	0	0	0	0	0	0	0	0	0	0	0	0	0	0	0	0	0	0	0	0	0	0	6	8	10	11	10	8	0	0	0	0	8	13	20	25	20	13	0	0	0	0	10	20	50	100	50	20	0	0	0	0	11	25	100	0	100	25	0	0	0	0	10	20	50	100	50	20	0	0	0	0	8	13	20	25	20	13	0	0	0	0	6	8	10	11	10	8	0	0	0	0	0	0	0	0	0	0
0	0	0	0	0	0	0	0	0	0	0	0	0	0	0	0	0	0	0	0	0	0	0	0	0	6	8	10	11	10	0	0	0	0	0	8	13	20	25	20	0	0	0	0	0	10	20	50	100	50	0	0	0	0	0	11	25	100	0	100	0	0	0	0	0	10	20	50	100	50	0	0	0	0	0	8	13	20	25	20	0	0	0	0	0	6	8	10	11	10	0	0	0	0	0	0	0	0	0	0
0	0	0	0	0	0	0	0	0	0	0	0	0	0	0	0	0	0	0	0	0	0	0	0	0	0	6	8	10	11	0	0	0	0	0	0	8	13	20	25	0	0	0	0	0	0	10	20	50	100	0	0	0	0	0	0	11	25	100	0	0	0	0	0	0	0	10	20	50	100	0	0	0	0	0	0	8	13	20	25	0	0	0	0	0	0	6	8	10	11	0	0	0	0	0	0	0	0	0	0
0	0	0	0	0	0	0	0	0	0	0	0	0	0	0	0	0	0	0	0	0	0	0	0	0	0	0	0	0	0	11	10	8	6	0	0	0	0	0	0	25	20	13	8	0	0	0	0	0	0	100	50	20	10	0	0	0	0	0	0	0	100	25	11	0	0	0	0	0	0	100	50	20	10	0	0	0	0	0	0	25	20	13	8	0	0	0	0	0	0	11	10	8	6	0	0	0	0	0	0
0	0	0	0	0	0	0	0	0	0	0	0	0	0	0	0	0	0	0	0	0	0	0	0	0	0	0	0	0	0	10	11	10	8	6	0	0	0	0	0	20	25	20	13	8	0	0	0	0	0	50	100	50	20	10	0	0	0	0	0	100	0	100	25	11	0	0	0	0	0	50	100	50	20	10	0	0	0	0	0	20	25	20	13	8	0	0	0	0	0	10	11	10	8	6	0	0	0	0	0
0	0	0	0	0	0	0	0	0	0	0	0	0	0	0	0	0	0	0	0	0	0	0	0	0	0	0	0	0	0	8	10	11	10	8	6	0	0	0	0	13	20	25	20	13	8	0	0	0	0	20	50	100	50	20	10	0	0	0	0	25	100	0	100	25	11	0	0	0	0	20	50	100	50	20	10	0	0	0	0	13	20	25	20	13	8	0	0	0	0	8	10	11	10	8	6	0	0	0	0
0	0	0	0	0	0	0	0	0	0	0	0	0	0	0	0	0	0	0	0	0	0	0	0	0	0	0	0	0	0	6	8	10	11	10	8	6	0	0	0	8	13	20	25	20	13	8	0	0	0	10	20	50	100	50	20	10	0	0	0	11	25	100	0	100	25	11	0	0	0	10	20	50	100	50	20	10	0	0	0	8	13	20	25	20	13	8	0	0	0	6	8	10	11	10	8	6	0	0	0
0	0	0	0	0	0	0	0	0	0	0	0	0	0	0	0	0	0	0	0	0	0	0	0	0	0	0	0	0	0	0	6	8	10	11	10	8	6	0	0	0	8	13	20	25	20	13	8	0	0	0	10	20	50	100	50	20	10	0	0	0	11	25	100	0	100	25	11	0	0	0	10	20	50	100	50	20	10	0	0	0	8	13	20	25	20	13	8	0	0	0	6	8	10	11	10	8	6	0	0
0	0	0	0	0	0	0	0	0	0	0	0	0	0	0	0	0	0	0	0	0	0	0	0	0	0	0	0	0	0	0	0	6	8	10	11	10	8	6	0	0	0	8	13	20	25	20	13	8	0	0	0	10	20	50	100	50	20	10	0	0	0	11	25	100	0	100	25	11	0	0	0	10	20	50	100	50	20	10	0	0	0	8	13	20	25	20	13	8	0	0	0	6	8	10	11	10	8	6	0
0	0	0	0	0	0	0	0	0	0	0	0	0	0	0	0	0	0	0	0	0	0	0	0	0	0	0	0	0	0	0	0	0	6	8	10	11	10	8	6	0	0	0	8	13	20	25	20	13	8	0	0	0	10	20	50	100	50	20	10	0	0	0	11	25	100	0	100	25	11	0	0	0	10	20	50	100	50	20	10	0	0	0	8	13	20	25	20	13	8	0	0	0	6	8	10	11	10	8	6
0	0	0	0	0	0	0	0	0	0	0	0	0	0	0	0	0	0	0	0	0	0	0	0	0	0	0	0	0	0	0	0	0	0	6	8	10	11	10	8	0	0	0	0	8	13	20	25	20	13	0	0	0	0	10	20	50	100	50	20	0	0	0	0	11	25	100	0	100	25	0	0	0	0	10	20	50	100	50	20	0	0	0	0	8	13	20	25	20	13	0	0	0	0	6	8	10	11	10	8
0	0	0	0	0	0	0	0	0	0	0	0	0	0	0	0	0	0	0	0	0	0	0	0	0	0	0	0	0	0	0	0	0	0	0	6	8	10	11	10	0	0	0	0	0	8	13	20	25	20	0	0	0	0	0	10	20	50	100	50	0	0	0	0	0	11	25	100	0	100	0	0	0	0	0	10	20	50	100	50	0	0	0	0	0	8	13	20	25	20	0	0	0	0	0	6	8	10	11	10
0	0	0	0	0	0	0	0	0	0	0	0	0	0	0	0	0	0	0	0	0	0	0	0	0	0	0	0	0	0	0	0	0	0	0	0	6	8	10	11	0	0	0	0	0	0	8	13	20	25	0	0	0	0	0	0	10	20	50	100	0	0	0	0	0	0	11	25	100	0	0	0	0	0	0	0	10	20	50	100	0	0	0	0	0	0	8	13	20	25	0	0	0	0	0	0	6	8	10	11
0	0	0	0	0	0	0	0	0	0	0	0	0	0	0	0	0	0	0	0	0	0	0	0	0	0	0	0	0	0	0	0	0	0	0	0	0	0	0	0	11	10	8	6	0	0	0	0	0	0	25	20	13	8	0	0	0	0	0	0	100	50	20	10	0	0	0	0	0	0	0	100	25	11	0	0	0	0	0	0	100	50	20	10	0	0	0	0	0	0	25	20	13	8	0	0	0	0	0	0
0	0	0	0	0	0	0	0	0	0	0	0	0	0	0	0	0	0	0	0	0	0	0	0	0	0	0	0	0	0	0	0	0	0	0	0	0	0	0	0	10	11	10	8	6	0	0	0	0	0	20	25	20	13	8	0	0	0	0	0	50	100	50	20	10	0	0	0	0	0	100	0	100	25	11	0	0	0	0	0	50	100	50	20	10	0	0	0	0	0	20	25	20	13	8	0	0	0	0	0
0	0	0	0	0	0	0	0	0	0	0	0	0	0	0	0	0	0	0	0	0	0	0	0	0	0	0	0	0	0	0	0	0	0	0	0	0	0	0	0	8	10	11	10	8	6	0	0	0	0	13	20	25	20	13	8	0	0	0	0	20	50	100	50	20	10	0	0	0	0	25	100	0	100	25	11	0	0	0	0	20	50	100	50	20	10	0	0	0	0	13	20	25	20	13	8	0	0	0	0
0	0	0	0	0	0	0	0	0	0	0	0	0	0	0	0	0	0	0	0	0	0	0	0	0	0	0	0	0	0	0	0	0	0	0	0	0	0	0	0	6	8	10	11	10	8	6	0	0	0	8	13	20	25	20	13	8	0	0	0	10	20	50	100	50	20	10	0	0	0	11	25	100	0	100	25	11	0	0	0	10	20	50	100	50	20	10	0	0	0	8	13	20	25	20	13	8	0	0	0
0	0	0	0	0	0	0	0	0	0	0	0	0	0	0	0	0	0	0	0	0	0	0	0	0	0	0	0	0	0	0	0	0	0	0	0	0	0	0	0	0	6	8	10	11	10	8	6	0	0	0	8	13	20	25	20	13	8	0	0	0	10	20	50	100	50	20	10	0	0	0	11	25	100	0	100	25	11	0	0	0	10	20	50	100	50	20	10	0	0	0	8	13	20	25	20	13	8	0	0
0	0	0	0	0	0	0	0	0	0	0	0	0	0	0	0	0	0	0	0	0	0	0	0	0	0	0	0	0	0	0	0	0	0	0	0	0	0	0	0	0	0	6	8	10	11	10	8	6	0	0	0	8	13	20	25	20	13	8	0	0	0	10	20	50	100	50	20	10	0	0	0	11	25	100	0	100	25	11	0	0	0	10	20	50	100	50	20	10	0	0	0	8	13	20	25	20	13	8	0
0	0	0	0	0	0	0	0	0	0	0	0	0	0	0	0	0	0	0	0	0	0	0	0	0	0	0	0	0	0	0	0	0	0	0	0	0	0	0	0	0	0	0	6	8	10	11	10	8	6	0	0	0	8	13	20	25	20	13	8	0	0	0	10	20	50	100	50	20	10	0	0	0	11	25	100	0	100	25	11	0	0	0	10	20	50	100	50	20	10	0	0	0	8	13	20	25	20	13	8
0	0	0	0	0	0	0	0	0	0	0	0	0	0	0	0	0	0	0	0	0	0	0	0	0	0	0	0	0	0	0	0	0	0	0	0	0	0	0	0	0	0	0	0	6	8	10	11	10	8	0	0	0	0	8	13	20	25	20	13	0	0	0	0	10	20	50	100	50	20	0	0	0	0	11	25	100	0	100	25	0	0	0	0	10	20	50	100	50	20	0	0	0	0	8	13	20	25	20	13
0	0	0	0	0	0	0	0	0	0	0	0	0	0	0	0	0	0	0	0	0	0	0	0	0	0	0	0	0	0	0	0	0	0	0	0	0	0	0	0	0	0	0	0	0	6	8	10	11	10	0	0	0	0	0	8	13	20	25	20	0	0	0	0	0	10	20	50	100	50	0	0	0	0	0	11	25	100	0	100	0	0	0	0	0	10	20	50	100	50	0	0	0	0	0	8	13	20	25	20
0	0	0	0	0	0	0	0	0	0	0	0	0	0	0	0	0	0	0	0	0	0	0	0	0	0	0	0	0	0	0	0	0	0	0	0	0	0	0	0	0	0	0	0	0	0	6	8	10	11	0	0	0	0	0	0	8	13	20	25	0	0	0	0	0	0	10	20	50	100	0	0	0	0	0	0	11	25	100	0	0	0	0	0	0	0	10	20	50	100	0	0	0	0	0	0	8	13	20	25
0	0	0	0	0	0	0	0	0	0	0	0	0	0	0	0	0	0	0	0	0	0	0	0	0	0	0	0	0	0	0	0	0	0	0	0	0	0	0	0	0	0	0	0	0	0	0	0	0	0	11	10	8	6	0	0	0	0	0	0	25	20	13	8	0	0	0	0	0	0	100	50	20	10	0	0	0	0	0	0	0	100	25	11	0	0	0	0	0	0	100	50	20	10	0	0	0	0	0	0
0	0	0	0	0	0	0	0	0	0	0	0	0	0	0	0	0	0	0	0	0	0	0	0	0	0	0	0	0	0	0	0	0	0	0	0	0	0	0	0	0	0	0	0	0	0	0	0	0	0	10	11	10	8	6	0	0	0	0	0	20	25	20	13	8	0	0	0	0	0	50	100	50	20	10	0	0	0	0	0	100	0	100	25	11	0	0	0	0	0	50	100	50	20	10	0	0	0	0	0
0	0	0	0	0	0	0	0	0	0	0	0	0	0	0	0	0	0	0	0	0	0	0	0	0	0	0	0	0	0	0	0	0	0	0	0	0	0	0	0	0	0	0	0	0	0	0	0	0	0	8	10	11	10	8	6	0	0	0	0	13	20	25	20	13	8	0	0	0	0	20	50	100	50	20	10	0	0	0	0	25	100	0	100	25	11	0	0	0	0	20	50	100	50	20	10	0	0	0	0
0	0	0	0	0	0	0	0	0	0	0	0	0	0	0	0	0	0	0	0	0	0	0	0	0	0	0	0	0	0	0	0	0	0	0	0	0	0	0	0	0	0	0	0	0	0	0	0	0	0	6	8	10	11	10	8	6	0	0	0	8	13	20	25	20	13	8	0	0	0	10	20	50	100	50	20	10	0	0	0	11	25	100	0	100	25	11	0	0	0	10	20	50	100	50	20	10	0	0	0
0	0	0	0	0	0	0	0	0	0	0	0	0	0	0	0	0	0	0	0	0	0	0	0	0	0	0	0	0	0	0	0	0	0	0	0	0	0	0	0	0	0	0	0	0	0	0	0	0	0	0	6	8	10	11	10	8	6	0	0	0	8	13	20	25	20	13	8	0	0	0	10	20	50	100	50	20	10	0	0	0	11	25	100	0	100	25	11	0	0	0	10	20	50	100	50	20	10	0	0
0	0	0	0	0	0	0	0	0	0	0	0	0	0	0	0	0	0	0	0	0	0	0	0	0	0	0	0	0	0	0	0	0	0	0	0	0	0	0	0	0	0	0	0	0	0	0	0	0	0	0	0	6	8	10	11	10	8	6	0	0	0	8	13	20	25	20	13	8	0	0	0	10	20	50	100	50	20	10	0	0	0	11	25	100	0	100	25	11	0	0	0	10	20	50	100	50	20	10	0
0	0	0	0	0	0	0	0	0	0	0	0	0	0	0	0	0	0	0	0	0	0	0	0	0	0	0	0	0	0	0	0	0	0	0	0	0	0	0	0	0	0	0	0	0	0	0	0	0	0	0	0	0	6	8	10	11	10	8	6	0	0	0	8	13	20	25	20	13	8	0	0	0	10	20	50	100	50	20	10	0	0	0	11	25	100	0	100	25	11	0	0	0	10	20	50	100	50	20	10
0	0	0	0	0	0	0	0	0	0	0	0	0	0	0	0	0	0	0	0	0	0	0	0	0	0	0	0	0	0	0	0	0	0	0	0	0	0	0	0	0	0	0	0	0	0	0	0	0	0	0	0	0	0	6	8	10	11	10	8	0	0	0	0	8	13	20	25	20	13	0	0	0	0	10	20	50	100	50	20	0	0	0	0	11	25	100	0	100	25	0	0	0	0	10	20	50	100	50	20
0	0	0	0	0	0	0	0	0	0	0	0	0	0	0	0	0	0	0	0	0	0	0	0	0	0	0	0	0	0	0	0	0	0	0	0	0	0	0	0	0	0	0	0	0	0	0	0	0	0	0	0	0	0	0	6	8	10	11	10	0	0	0	0	0	8	13	20	25	20	0	0	0	0	0	10	20	50	100	50	0	0	0	0	0	11	25	100	0	100	0	0	0	0	0	10	20	50	100	50
0	0	0	0	0	0	0	0	0	0	0	0	0	0	0	0	0	0	0	0	0	0	0	0	0	0	0	0	0	0	0	0	0	0	0	0	0	0	0	0	0	0	0	0	0	0	0	0	0	0	0	0	0	0	0	0	6	8	10	11	0	0	0	0	0	0	8	13	20	25	0	0	0	0	0	0	10	20	50	100	0	0	0	0	0	0	11	25	100	0	0	0	0	0	0	0	10	20	50	100
0	0	0	0	0	0	0	0	0	0	0	0	0	0	0	0	0	0	0	0	0	0	0	0	0	0	0	0	0	0	0	0	0	0	0	0	0	0	0	0	0	0	0	0	0	0	0	0	0	0	0	0	0	0	0	0	0	0	0	0	11	10	8	6	0	0	0	0	0	0	25	20	13	8	0	0	0	0	0	0	100	50	20	10	0	0	0	0	0	0	0	100	25	11	0	0	0	0	0	0
0	0	0	0	0	0	0	0	0	0	0	0	0	0	0	0	0	0	0	0	0	0	0	0	0	0	0	0	0	0	0	0	0	0	0	0	0	0	0	0	0	0	0	0	0	0	0	0	0	0	0	0	0	0	0	0	0	0	0	0	10	11	10	8	6	0	0	0	0	0	20	25	20	13	8	0	0	0	0	0	50	100	50	20	10	0	0	0	0	0	100	0	100	25	11	0	0	0	0	0
0	0	0	0	0	0	0	0	0	0	0	0	0	0	0	0	0	0	0	0	0	0	0	0	0	0	0	0	0	0	0	0	0	0	0	0	0	0	0	0	0	0	0	0	0	0	0	0	0	0	0	0	0	0	0	0	0	0	0	0	8	10	11	10	8	6	0	0	0	0	13	20	25	20	13	8	0	0	0	0	20	50	100	50	20	10	0	0	0	0	25	100	0	100	25	11	0	0	0	0
0	0	0	0	0	0	0	0	0	0	0	0	0	0	0	0	0	0	0	0	0	0	0	0	0	0	0	0	0	0	0	0	0	0	0	0	0	0	0	0	0	0	0	0	0	0	0	0	0	0	0	0	0	0	0	0	0	0	0	0	6	8	10	11	10	8	6	0	0	0	8	13	20	25	20	13	8	0	0	0	10	20	50	100	50	20	10	0	0	0	11	25	100	0	100	25	11	0	0	0
0	0	0	0	0	0	0	0	0	0	0	0	0	0	0	0	0	0	0	0	0	0	0	0	0	0	0	0	0	0	0	0	0	0	0	0	0	0	0	0	0	0	0	0	0	0	0	0	0	0	0	0	0	0	0	0	0	0	0	0	0	6	8	10	11	10	8	6	0	0	0	8	13	20	25	20	13	8	0	0	0	10	20	50	100	50	20	10	0	0	0	11	25	100	0	100	25	11	0	0
0	0	0	0	0	0	0	0	0	0	0	0	0	0	0	0	0	0	0	0	0	0	0	0	0	0	0	0	0	0	0	0	0	0	0	0	0	0	0	0	0	0	0	0	0	0	0	0	0	0	0	0	0	0	0	0	0	0	0	0	0	0	6	8	10	11	10	8	6	0	0	0	8	13	20	25	20	13	8	0	0	0	10	20	50	100	50	20	10	0	0	0	11	25	100	0	100	25	11	0
0	0	0	0	0	0	0	0	0	0	0	0	0	0	0	0	0	0	0	0	0	0	0	0	0	0	0	0	0	0	0	0	0	0	0	0	0	0	0	0	0	0	0	0	0	0	0	0	0	0	0	0	0	0	0	0	0	0	0	0	0	0	0	6	8	10	11	10	8	6	0	0	0	8	13	20	25	20	13	8	0	0	0	10	20	50	100	50	20	10	0	0	0	11	25	100	0	100	25	11
0	0	0	0	0	0	0	0	0	0	0	0	0	0	0	0	0	0	0	0	0	0	0	0	0	0	0	0	0	0	0	0	0	0	0	0	0	0	0	0	0	0	0	0	0	0	0	0	0	0	0	0	0	0	0	0	0	0	0	0	0	0	0	0	6	8	10	11	10	8	0	0	0	0	8	13	20	25	20	13	0	0	0	0	10	20	50	100	50	20	0	0	0	0	11	25	100	0	100	25
0	0	0	0	0	0	0	0	0	0	0	0	0	0	0	0	0	0	0	0	0	0	0	0	0	0	0	0	0	0	0	0	0	0	0	0	0	0	0	0	0	0	0	0	0	0	0	0	0	0	0	0	0	0	0	0	0	0	0	0	0	0	0	0	0	6	8	10	11	10	0	0	0	0	0	8	13	20	25	20	0	0	0	0	0	10	20	50	100	50	0	0	0	0	0	11	25	100	0	100
0	0	0	0	0	0	0	0	0	0	0	0	0	0	0	0	0	0	0	0	0	0	0	0	0	0	0	0	0	0	0	0	0	0	0	0	0	0	0	0	0	0	0	0	0	0	0	0	0	0	0	0	0	0	0	0	0	0	0	0	0	0	0	0	0	0	6	8	10	11	0	0	0	0	0	0	8	13	20	25	0	0	0	0	0	0	10	20	50	100	0	0	0	0	0	0	11	25	100	0

0	6291	10042	6978	5706	8084	6592	4678	5632	6314	6300	5346	5386	6966	3659	7535	4917	4480	4679	7089	5553	5697	4456	4443	7965	6681	6323	6354	6480	4642	5546	6681	5116	5382	6445	7355	5565	7548	5891	8697	6601	7362	6891	6702	6485	6976	6992	7201	8224	3964	5550	7035	6549	11057	5618	5269	5987	5421	4006	7973	6582	7701	7932	6688	5050	8052	6510	7262	7154	6450	6658	5738	5881	7621	6751	6234	5603	5723	6374	7102	5405	7780	5220	6836	6774	7409	5407	3908	6651	10370	8527	3320	6001	9151	4452	6718	6534	8955	6906	6239
6461	0	8446	7783	5334	8313	7393	4471	4576	7172	7513	5024	5138	5588	4123	7432	4603	6355	5223	6833	5296	6600	6941	6634	8472	7613	6555	6605	7194	6644	5791	5122	4717	6500	5205	6024	6791	6581	7024	8442	8019	7059	4690	8138	5868	7390	7057	7210	7899	4699	5905	3807	5338	7698	5541	5371	5481	6454	5452	7196	4548	9141	7200	6216	5058	8210	7848	6276	6456	5091	6482	5476	6178	7293	7825	6885	4926	7179	4448	5963	5538	7855	4463	7163	7746	6009	5683	4876	7291	9298	7727	3581	6387	6570	5580	5347	6418	9233	7810	5590
8664	7027	0	7004	4987	6184	7061	5222	5210	6765	8421	6053	6271	5210	4607	6424	3904	4565	5623	4784	6633	8760	9425	5127	6754	7510	6401	8160	6521	4877	6994	6581	4485	5838	6385	5697	5773	5620	8661	8274	6479	6176	7845	7476	7531	7682	7910	5105	5417	3227	7498	4715	6027	8574	5646	5206	5086	5762	6510	7838	5000	8601	7274	7566	6357	6708	8925	5319	6597	3892	3692	4038	4693	5736	5915	5061	3613	5705	3022	5100	6737	8147	6149	6422	6533	5895	5492	4886	6295	8528	8332	5334	3973	5701	5349	4695	5534	9153	7140	5593
9113	10308	9594	0	4604	7268	6873	4773	7208	10135	9481	4991	5927	6075	4505	7194	4830	5390	6461	5663	8634	9856	6842	7498	8912	9908	5180	6463	7714	5957	8926	6870	5883	6409	6611	6622	7281	4388	9398	6096	6227	6969	8346	4602	7342	7653	8089	6120	7435	4083	7769	6367	6475	9128	7546	5344	4724	7747	5643	9500	4807	6135	10248	6293	6296	4152	7427	5880	8193	7663	5667	5525	3833	6513	7077	6043	4419	6871	5658	4857	7602	9098	7388	6043	6365	7279	7037	3929	8607	10873	6543	5783	4733	8317	7691	5506	7843	9683	6555	6537
9281	7528	11327	6737	0	8328	7898	5388	6396	10481	10477	6539	10911	7546	5293	8193	6874	7828	5930	8545	5419	9276	9080	8384	9639	6250	6412	6343	8630	8737	7159	7978	5600	5000	6590	7892	7423	7804	10265	9700	11360	7719	7621	6089	7098	9792	9155	9347	10889	4460	10793	8088	7083	10829	6742	5378	7255	8998	5145	10318	6705	10330	8015	7323	5556	8021	8535	7539	10968	10003	8104	5900	4499	6777	10046	7057	5704	6058	5709	6394	9410	11222	4863	7692	9449	9433	7945	4831	7800	10997	10220	6288	5717	10343	8803	7460	7075	10527	9583	4633
7356	8417	7970	5612	4631	0	7408	4816	6161	6216	8918	4578	6407	6793	6001	8427	5314	3610	4619	5175	5343	7702	5883	6348	7861	8603	6465	7957	8417	4386	6214	7696	6579	4547	6461	6755	5563	7536	6878	7044	9534	5404	7752	5476	7650	8644	8706	7232	7146	3475	8055	6998	5895	10206	7269	6088	4935	6964	5609	8836	4747	7558	7762	8011	5236	7570	8546	6169	6925	5658	5726	5883	4640	7110	6405	6655	6169	5806	4896	7036	7361	7172	5830	8400	6650	6985	6771	5807	8186	10590	10082	5885	5022	5813	7258	5720	5686	9153	8588	6071
7680	8655	10066	5875	5539	8477	0	4532	6124	7767	5287	4942	7056	7381	3113	8434	3666	4814	5188	5827	7468	8001	7796	5260	8227	6367	4919	6437	6563	7228	7659	6528	5570	5299	6945	7019	8134	7937	7521	9603	8047	6387	7521	6563	7941	8769	6150	7837	5670	4603	8443	5491	8264	10375	7093	6388	5643	5400	5337	9761	5151	6756	7255	6890	5053	8163	7101	6665	8208	6380	6465	4138	4959	7184	7785	6030	5968	6461	6277	5970	9276	8110	6507	7569	9027	7765	6760	5014	6758	8416	9548	7047	5569	10048	4477	6093	6412	7065	8210	6765
10519	9544	11843	8868	7097	8906	7470	0	7308	7345	10113	6624	5629	9457	4431	10469	7105	5486	7042	6733	5894	9788	9578	8720	11870	9859	6298	9333	9982	6056	7779	8439	5597	5032	7848	7022	10002	7576	9966	11673	8920	6448	7353	7826	9350	8831	8898	10149	8377	6405	8440	6647	7188	9284	9945	5695	6244	7567	6057	10529	5615	10086	9956	7286	7011	7890	11104	8221	9232	9333	7165	4731	6652	7989	8619	7434	7545	8256	6532	6765	12672	11528	8212	8834	11749	8040	8974	5832	11124	13946	8007	5762	7788	9628	7432	8983	5797	10704	10268	6103
7295	6434	8677	6852	4146	7772	6825	4440	0	8056	9683	5610	6340	4614	4888	6140	5158	5367	5373	5035	5879	7034	7729	8025	7424	8937	7620	7352	9203	7151	7182	9402	6348	5955	4693	6445	6431	5598	7431	8713	7284	7746	8407	6945	6209	7914	9998	7038	8917	5069	8706	5924	7717	8332	3300	5600	8072	6813	4663	9638	4855	8275	7799	6474	5400	8297	8355	7160	6489	6711	5702	4849	4125	6522	7433	6044	5673	6069	5434	6048	7869	10209	6161	6752	7913	7195	7414	5073	7374	8554	9402	5478	5270	8522	7695	6537	7141	7656	7210	4924
6527	6389	8349	9125	5872	5930	6810	2754	6886	0	7069	5831	4064	6699	4352	8149	5608	5297	4721	6254	5408	7553	6662	5714	9342	9004	5876	6853	9265	4487	5332	7424	5200	3799	7369	7089	5931	7799	8218	9921	7536	5245	6625	7676	8295	8198	8761	7094	7999	3384	7469	6255	6510	10075	6253	5623	5438	4877	5761	7300	4640	9243	6416	7747	4478	8970	6756	7368	5615	4935	5771	4978	6608	6131	6283	6116	6603	4702	5891	6624	7768	8112	7201	8273	7745	6201	6765	5259	8812	9647	8033	5336	7612	7382	4566	6747	5633	8864	9132	6111
5715	7055	8720	6573	5788	7210	3134	4217	6512	5820	0	5895	4757	5293	3964	9279	4179	4538	4611	6293	7541	4672	6672	4342	8329	5929	7069	7010	4650	5230	6251	6468	6695	4541	6517	6232	7303	7020	6443	8657	7902	5791	6534	6756	7028	7211	7119	4600	6374	4468	6546	4906	7651	9844	6215	5911	5667	3951	3625	9353	4334	6794	5941	5975	4570	8584	6612	7261	5425	4636	5592	3171	3934	7888	5173	7579	6010	6954	6110	6377	7089	8512	4587	6924	6926	6288	6935	4929	8289	8218	8782	3945	6587	8000	4238	5491	5759	8742	7553	5876
9462	7507	13086	5654	7666	9365	7666	5598	8230	9837	10721	0	7776	8005	4451	9589	4929	6883	6843	8856	5179	7544	8214	7325	10102	7729	5448	6525	7218	6303	7947	6702	8103	6511	8384	9080	7194	6536	6334	7482	8750	6236	8827	5780	5996	7654	10820	6945	10184	4811	5669	8653	9461	11552	8677	8014	5391	7195	7442	8280	5290	8387	10311	8261	7256	7417	7467	6304	8652	6922	7169	9042	6085	8318	9608	7685	5269	9007	6845	8215	8150	9202	6203	6999	8116	7716	7063	6453	8219	10717	10450	5249	5323	6726	7339	6133	6368	7430	5163	8393
8139	7939	10857	6121	9214	8619	7135	3845	7172	6528	7976	5185	0	7825	4883	10484	4773	5964	5741	6246	7345	7605	7020	5807	12559	11418	6695	9593	7121	5399	6638	7345	5298	7240	7658	6872	8398	7298	8657	9054	7328	6420	7853	7865	8210	7508	9036	7527	9333	5497	7864	5670	7196	8307	9765	6060	4962	6857	7412	9821	4223	8143	8366	8416	5959	8685	8398	7541	6107	5647	6364	5054	4784	8959	8047	7120	7744	8842	6725	7404	7470	9683	7496	8593	8677	7405	6303	4373	9753	10590	9396	4917	7984	6767	6205	5777	5122	10413	8272	7616
9573	8328	9807	6652	5513	9079	7988	5583	6041	8779	8822	6813	7496	0	4432	9985	6324	6043	5955	7619	9637	9545	9645	8853	10649	8766	8076	8460	8256	7213	7703	7903	7890	7574	6851	7762	7613	6479	11121	9010	8141	7852	9270	4749	7905	8592	9237	8480	9336	4116	8273	6233	8436	11153	6958	6852	7097	7296	5357	10427	5423	8023	10237	8963	6839	9432	9897	6684	6638	5787	5294	4516	4803	6319	10115	7356	5625	7224	5687	6567	8552	10058	7085	9806	8889	5424	9673	5817	8646	10056	10202	5511	5662	8073	7846	5919	8312	8615	9807	7440
9112	7564	11976	6156	8180	13072	6261	4096	8732	9821	9995	5587	8017	7948	0	9865	5144	7882	7939	8010	6480	8106	10496	6878	11788	6877	5545	7569	7285	7195	7131	7796	5501	6696	10359	8992	8562	7373	8504	10536	6159	8810	7551	7321	7709	9003	7498	8278	10612	6044	8034	9664	8520	12536	8264	8953	6777	7017	7808	8485	6596	9815	8887	8736	7461	9444	7620	7422	10359	6984	6681	5991	6387	9076	10447	6602	4908	7840	6784	8932	10891	10878	6836	6829	10007	8080	7923	5213	7707	11518	10279	5589	7460	9934	4806	6313	6533	8672	8230	8033
7488	6933	8249	5944	4104	9034	7427	5070	4676	8077	10456	5457	7338	7348	4315	0	4300	6632	5966	6378	6730	6540	5680	7360	7255	9357	6415	6426	8004	7336	6724	7269	3385	4030	4905	6555	8058	5050	9403	8781	6024	6942	6570	6885	5701	6795	9706	7645	8012	5288	7971	7808	7595	7642	4542	4155	7135	5609	5468	6935	3872	7345	8952	7175	5135	6500	4883	6816	6044	7710	5823	5561	5879	7137	9976	5404	6558	3875	7012	4540	7058	7207	5280	6640	8674	6633	6096	4156	6841	9514	9837	5638	5720	9049	7078	5557	8296	7779	5690	4961
10519	10158	10730	6761	6198	10605	6444	6174	7129	11607	10639	6367	7882	9621	4971	8617	0	6270	4697	8186	9516	9942	10820	9442	10648	10180	7245	9897	6443	7374	9473	7036	3893	8009	6788	8255	7600	6689	9345	10018	8494	8428	9520	9446	9206	8060	9367	7703	8813	5543	9693	5635	8891	10272	10443	5789	5501	6206	8586	9974	6407	8340	10966	6415	7411	6901	10407	8161	11998	7237	7708	4827	5235	11045	9486	8762	6756	7838	7156	7052	9770	11781	7701	9239	10215	9559	7856	5331	7828	11819	13355	6895	6287	9938	7968	6000	6866	9498	8517	5629
8307	9261	11109	6651	7530	7925	7358	4666	7325	9585	9695	5884	7802	7072	5397	10196	5436	0	5871	8254	7506	10156	7526	7002	9428	8985	5667	9034	7413	4613	7527	8183	7356	7302	7663	8230	8909	7943	9007	9703	7611	6500	10025	4897	7750	9021	10259	8287	6435	6513	8968	7170	7225	13006	9455	5736	5850	8185	5665	9330	5656	8767	8620	9874	5858	8109	9976	5479	8218	7782	7770	7161	5418	6810	7843	7948	5474	7738	4362	7561	11275	9973	6068	8382	8940	9490	8621	5593	9249	11859	10920	6081	5025	8706	7608	6330	6078	9357	8759	7616
7691	7711	11197	6706	5526	7870	7533	5209	7399	7639	8640	5566	7160	7364	5410	9442	3956	5074	0	9519	7045	7836	8888	8433	9537	6697	6348	6683	6744	7462	6372	7276	5378	5786	7203	7743	4988	7277	8100	8524	9627	6214	7811	5476	7767	6818	8530	8166	10077	3565	8821	5088	6285	10827	9213	5685	4979	6890	7300	9865	5989	10096	7920	7462	7270	9291	8067	7738	9916	8270	7677	6846	4882	8071	8990	9275	6865	6965	5845	7526	8535	11546	5358	8301	9472	9060	6373	3574	7874	11971	12682	5299	5417	8674	8572	5968	6693	8264	7132	5061
8822	8621	6834	5654	5457	6230	5434	3857	5178	7475	8891	6042	5072	6685	4472	7710	5267	5570	7290	0	8178	8263	8092	7201	10037	11366	6910	9621	8991	6221	7355	7649	5771	5902	6653	5574	7076	5801	8054	8408	7493	7660	6689	6346	9460	9789	7696	8986	7193	4886	8389	7022	6764	8803	5441	6580	6306	6696	5160	9571	3815	7990	8887	7183	5903	5797	9882	6861	5756	5546	4447	4144	4137	8388	5736	5179	7931	6019	6018	5955	9432	8090	8801	6722	8433	5498	8040	4574	7834	9269	9532	6562	5697	8222	6455	5874	6400	9053	8447	6714
8176	6829	7791	8235	2991	6243	7420	3327	4864	8005	9669	4332	7233	8085	4857	7259	5418	6234	6236	7168	0	9163	6903	7338	9530	9232	6372	5807	9815	6905	9105	7900	5337	6019	4718	7922	6797	6506	9228	8855	10584	8096	7415	7285	6818	8470	9292	7522	7555	3850	9464	6189	6328	8272	7707	5198	5686	6906	5975	9275	4991	9548	9975	5535	6385	6067	7426	7317	8369	6337	7680	5538	6486	6926	7289	7193	5380	6372	5700	5469	7930	10839	6526	7725	8297	8463	6615	6414	7416	9485	6492	5831	3739	6828	7386	6480	6200	9153	8618	4391
6573	7440	9053	6660	6347	7212	5539	4538	5322	6589	5085	4669	5210	6263	3982	7313	5162	5140	5347	6033	7239	0	7820	7014	7606	8455	6988	8296	6514	5475	6098	7857	6507	4640	6365	6833	7477	6928	6703	9867	7040	6281	7179	7732	7153	8366	8874	5945	6324	5024	5474	6776	8366	9367	6999	7381	6513	4469	4246	9304	4293	5493	9128	7156	5295	8636	6819	7559	5338	6601	6876	3174	4203	9661	7148	8098	5937	6010	8394	5711	7488	9041	5340	7328	7409	6007	6550	5595	8505	8187	10028	5589	6406	9232	8125	6463	5614	9777	5650	6131
5084	8263	10392	6179	4795	5597	7314	4489	5369	6986	7557	5520	5413	6860	6112	6268	5873	3258	5712	6336	6620	8924	0	7562	9749	10375	6054	7042	8698	4300	7151	6792	5921	5362	4295	6974	7658	7478	8659	8768	7342	6108	5855	7637	7270	7989	9128	8127	5832	4501	7504	6520	6886	8461	5863	3779	5489	7508	4636	7141	5274	6782	9284	6443	4158	6362	7189	7301	5998	5760	5930	6370	6816	7021	7362	5864	7053	5499	7181	6480	6252	7305	6196	8125	8889	7201	8279	4855	7688	9396	8710	4989	5238	7899	6282	7215	6672	9481	8143	6077
7509	8478	7769	7888	7312	8344	5916	4832	8994	7569	7024	7137	5180	8542	4774	10734	5068	6044	7506	6351	7469	9063	8850	0	9302	8513	5984	9440	6684	5063	6256	6659	5160	6120	9871	6782	7622	9116	8698	9793	9195	6907	7370	8149	9938	9454	7995	6954	7739	4968	7912	7739	7327	11562	8681	6037	6188	7199	6724	10555	6230	9635	6657	8250	5825	9556	7966	6532	7947	5659	5910	4928	5543	7275	6919	4498	5341	7074	5755	7053	8196	7733	6187	6819	6833	7013	6171	4350	7829	11138	9050	4921	7207	9654	4700	6709	5264	11854	8478	7895
6673	7476	6764	5716	4149	6196	5606	5352	5114	7898	8025	5583	8036	5780	5023	6450	4599	4660	4758	6645	7398	7019	7807	5475	0	8351	5788	6872	8230	5997	8032	7457	5215	5617	7157	5968	6452	5696	6802	8975	7116	7569	8902	6552	6831	6876	10214	6101	6918	3670	7382	5600	5999	8852	4592	4914	6751	5874	3904	8874	5634	8582	8551	5814	6709	8054	7277	5615	9148	6449	5034	4267	5309	5659	7524	5610	3279	5583	4709	6079	7734	7562	4651	4844	6733	6907	6953	5295	6511	8917	6851	6391	4420	8944	8426	6399	7620	7500	5313	4168
7640	6667	6610	6811	3873	7496	6036	5178	7414	8598	6150	5548	9101	5483	4553	8879	5081	4666	5264	8274	6619	7189	8360	5909	7305	0	5768	5858	5003	5815	7433	5726	5966	5121	6754	7680	6039	9018	8057	8483	8974	6267	6831	7438	5976	8821	6512	5206	6042	3760	6216	6604	6738	10041	7063	5339	6337	6838	4694	6831	5988	7973	7173	7253	5169	8142	8522	5863	7807	5196	5411	5486	5377	5587	7216	6820	4783	5966	4775	5932	8423	10620	4088	7759	6939	5823	6232	5812	5304	6869	9112	3925	4260	8055	5975	6392	5745	8621	7737	5240
9240	9127	10794	6614	6322	9317	7943	4218	8886	8747	10645	5376	6802	9234	5003	9566	5604	4618	6205	8485	7741	10352	8052	6760	10682	9568	0	6443	8347	5205	6791	5195	4307	6747	7411	7503	9682	6973	9274	10051	6868	4284	7639	8573	9606	10193	8042	8880	8555	4633	8319	6421	6185	10500	9015	5863	4461	9007	8315	10643	7132	9956	7683	7787	6272	6191	8421	6641	9949	8001	8209	6073	6203	6295	7803	5435	4771	8101	4798	6527	11180	9379	5772	7564	8125	9828	5826	3913	9933	11046	7378	6944	5076	8426	8034	7973	5092	10159	9369	6579
7694	7285	11730	5082	4578	10613	7022	5028	6677	8596	9110	5237	8128	6800	4523	7248	4771	7852	5475	9144	5153	9179	6790	7081	9649	6546	3909	0	8170	7567	8068	6784	4954	4391	6501	8297	7026	7716	9576	7668	9483	7395	7182	6095	6583	6348	6597	7098	9760	3007	7986	6297	8049	8411	7118	4864	5364	5949	5328	8932	5041	9424	6834	6864	4846	8440	4047	7951	8734	7406	7878	6345	5872	5552	7273	8138	4443	6011	5605	7648	8197	11208	4447	7316	7561	7268	6473	5103	7372	9260	7073	5397	6351	7940	6324	5671	6629	10247	7569	5174
7962	8228	8505	6182	7901	9115	6319	5306	7841	9703	7406	4767	5486	7707	4408	9303	3251	3886	5360	7883	8896	7087	8945	6147	10112	6224	5785	9531	0	4323	5875	3344	4904	7785	7567	7460	7801	6933	7907	8502	6079	5286	7734	7484	7962	7731	6068	6824	5920	5609	5194	6498	6536	9574	10618	6382	4308	7490	7680	7370	5757	6565	8530	7371	5529	7227	9422	6013	8205	6601	5987	5471	4277	9200	8745	6772	5890	7780	6262	6234	7494	8530	5357	8901	8395	7281	6001	3503	7855	10909	11084	4259	5990	7993	5509	5099	4341	8946	6808	6858
7866	9347	10314	6303	8615	7906	8953	4279	9067	8119	9511	5463	6984	8660	4639	11388	4654	3737	7361	7912	7176	8741	7275	5809	10625	7796	6040	9174	5673	0	7084	7209	6998	5702	9011	8449	8080	8130	8032	9701	6370	6347	7762	8143	8020	8968	7924	5921	8256	5701	6204	8936	9475	12823	9741	5844	4534	7208	6636	8665	6957	7478	9130	7781	7184	7966	9333	7314	9968	5923	6084	7133	6065	9352	7914	7827	4255	6735	5799	8667	7843	9196	7390	7218	7366	8617	7779	6511	9736	12714	9694	4088	6179	7041	5237	5436	5412	11016	7936	6645
7395	6262	10551	6997	6389	8959	7986	4521	7105	7621	8332	5475	5860	7669	3753	8926	5825	6270	5637	8002	6532	6422	8035	5672	11502	6799	5657	7657	5830	5756	0	5534	4350	5779	7477	6565	7658	7562	6933	9022	8005	4916	5724	5949	8082	7515	7759	9159	9387	6761	6032	8043	6145	11185	7964	6943	4998	7760	6358	7400	5777	8076	5918	8755	5694	8757	6950	7297	7624	8377	7040	5169	4906	7041	10223	5348	6006	7749	6732	7168	8201	7922	4697	8603	10094	7534	6742	2801	8326	11786	11043	4473	7575	8510	6765	7216	3745	10367	7706	7553
8519	6779	9625	7519	6581	8489	7004	4831	8225	8757	9424	4996	5925	7408	4818	9546	4000	5565	5438	7432	8539	9866	8814	7057	11138	7729	4145	8369	4238	5998	5495	0	4289	6790	7759	7117	7871	6163	8174	8135	7468	4517	6052	7892	10447	8320	5975	9665	8466	4839	5287	6512	4842	9604	9399	7211	4339	7609	8453	7836	5958	8040	7924	6700	6403	6576	10203	6916	7790	6317	5636	5446	5622	8102	9375	4897	6955	8702	5893	5881	8534	7006	6324	8738	8039	6498	6179	3004	7006	10595	8992	4806	5906	7339	5332	6267	5601	9745	8477	6448
8918	6526	10566	7769	6152	11978	7677	4616	8705	9259	11656	6920	6918	10831	3279	7335	3643	8511	6145	8378	5852	8941	9097	6024	11248	7393	4679	6893	7012	7322	5206	5954	0	5024	8210	8881	8298	7896	9970	10133	7930	7753	6737	8939	8592	7650	8616	9128	10709	5842	9432	8560	7098	8971	8956	5249	6279	7495	8015	8285	6061	10531	7719	7553	5685	8491	7481	7479	10542	8604	7796	6134	5537	8456	10086	6217	6805	6101	6932	6005	9235	10197	6147	7088	9136	8784	5789	3398	7272	10866	10274	5648	7908	10269	6274	7521	5671	10383	8541	5483
9514	8474	11213	7239	5396	8758	7575	3226	8979	7035	9452	6860	8596	9806	4678	8035	6353	7893	6285	7739	6880	7073	8924	7658	10530	6408	6857	6155	8540	6534	6958	7681	5035	0	9408	8910	7354	8335	9524	9664	9752	6935	6771	7302	8212	7743	8938	8283	10438	4673	8314	9156	9625	9766	7361	5526	6837	5125	4495	8377	4904	9973	8237	8298	5480	9657	8845	9055	8702	8828	6629	6400	5735	9026	8742	9072	7644	5404	7723	7268	10103	10820	6368	7165	8323	7026	7702	5525	8729	11909	10057	4958	8683	10548	7037	7834	7026	10862	9011	5121
6783	6105	10549	5581	4055	7713	7883	4508	4521	8113	8774	5389	6793	5864	5987	6130	4686	5547	5142	6679	4527	7740	5007	8590	9813	7588	6083	5280	7432	6603	6515	7388	5994	5617	0	8033	7883	6225	8744	6757	7990	7072	5745	5660	5304	7591	8135	6383	8032	5969	9105	4751	7071	8694	5410	5600	6324	6351	4980	6284	5506	8102	8215	6834	5146	5707	6830	7650	5959	6314	7628	5421	3973	5710	7099	6755	6259	6900	4877	5650	6792	8800	5482	8264	8436	8097	8086	5415	6793	8829	9214	4925	4246	7184	7975	4526	6483	8182	7600	5096
8648	7595	8532	5622	5581	7708	6621	4292	5657	8670	8336	5793	5410	6001	4715	7519	4475	5966	5669	5150	7898	7582	7213	5008	7587	8901	5813	8495	6268	5695	5563	6398	5820	6047	7548	0	7248	5468	7971	8522	7821	6167	5322	6675	7085	8341	7922	8649	8194	5761	6508	5067	7165	8598	7124	5263	4628	7523	6230	8720	3896	9000	6499	7780	4740	7591	6894	5656	6413	6908	5677	3709	4172	6395	10165	4830	5404	6716	5032	6709	7744	6017	5008	4690	8243	5965	7702	4270	7834	11467	8439	6644	6075	8581	7376	5362	6009	9421	5699	6652
6000	6158	7952	4833	4543	7008	8007	5594	5359	6563	9293	4071	6662	5070	4280	7628	3032	6650	3342	6360	4772	7009	7638	5944	7124	6398	6537	5126	7103	6516	6326	6806	5269	5208	7680	6938	0	4900	5352	5666	8446	8157	7223	4116	6253	5484	8124	6061	10168	1824	6387	7511	6531	8788	5523	5876	5549	4842	5636	6028	5200	8506	8193	6042	6428	7335	6446	5542	7981	5022	4154	6599	4280	6553	6653	6245	5397	5972	5296	7905	5961	8492	5113	4475	5905	5294	6477	4066	4411	9137	9460	4810	4916	7178	6289	4301	5591	5862	4448	5224
10073	9186	10800	5016	5563	10103	8986	4476	6819	10760	10930	5122	6930	6715	4324	7325	4686	6413	6292	6677	7538	8352	10198	9098	9584	10570	6418	9416	7409	7218	7221	7175	5607	6864	7302	6427	8157	0	7794	8675	5865	7423	8848	5182	8001	6098	10090	8748	11125	6366	7140	6614	7246	10877	6377	6548	6177	7457	6917	9150	4872	8076	10230	5725	8635	3919	9604	6273	8892	8336	6018	5558	4084	8205	8262	7587	6727	8195	5638	4731	9944	10465	6281	4858	8844	7385	7370	3113	8793	13825	8510	6732	4917	8433	9058	6181	6088	8695	6229	6742
5343	5028	10444	5520	6888	7055	6230	4426	5855	7187	6333	2888	5261	6391	3541	8835	3555	4960	5145	6072	5477	4337	6584	4808	6163	5957	4886	6358	5852	4806	4532	5296	6543	5647	7918	6603	5349	4800	0	6632	7030	5896	6389	5704	5512	5369	6930	5378	10008	5181	3681	7476	5781	10229	4548	6644	5541	5211	5067	7291	5320	6891	6452	4776	6747	6887	6563	6035	7348	4429	5127	5759	5155	7509	5878	5736	4458	7937	5000	8047	6931	6567	4170	4285	6559	5875	5786	4636	6459	8811	8582	3935	5214	6166	5671	3427	3929	6636	3779	6193
8187	7939	8342	3195	5455	6350	6570	4769	6166	8504	8805	3934	5715	5666	4156	7890	3708	5599	4715	5491	6522	8111	7543	6386	9521	7170	5312	5562	5798	5873	6549	5277	4494	5404	5861	6987	5187	5742	6871	0	7936	5870	6973	4027	7592	5121	6845	6975	8255	2936	6784	6575	4817	9124	8239	4517	3964	5645	5861	8621	4029	8064	7794	6137	5695	4794	7147	3980	7004	6293	5446	6572	3239	6454	6162	6537	5591	6409	4844	8010	5363	8067	5727	7006	6830	5897	7687	3920	5526	8426	8724	4482	5192	5857	6906	4264	5447	6238	4946	4496
7254	8723	9338	3995	7935	9888	7127	4225	7026	8368	9633	5149	6232	6817	2397	6802	4111	3874	6642	6604	8673	6767	7422	7433	8673	8070	4484	8837	5817	3653	6175	6715	5041	6188	7632	7526	8550	4138	7881	10037	0	6084	7335	7273	7154	6995	7689	6258	7141	5946	6156	7342	7883	11159	5765	6537	6539	6748	6381	5744	6223	6676	8665	7025	6438	5842	8047	6030	8421	6633	5010	5200	4598	8044	8276	6242	4601	6387	6089	6210	8663	8872	6399	5401	7542	7724	7600	3670	8192	11054	8628	5235	5526	7991	5724	6416	6562	7108	6045	7111
9560	8533	10222	6801	6047	7166	7239	4142	7978	6993	8540	4083	6763	7863	5056	8850	5205	4585	4857	8723	8128	7861	7894	6458	10796	7126	3658	7771	6198	5004	4912	4982	6070	4936	7576	6993	8793	7330	8325	8796	7492	0	7180	6783	9152	8174	9729	7762	7666	5053	6751	5958	7861	12031	8594	5950	4183	6942	7524	10156	5827	8384	5865	7934	4989	7568	8076	6875	8482	7773	6875	6123	5175	6255	8640	5895	5208	7831	6000	6908	9585	7528	4570	9482	8397	7522	6452	4627	8978	10275	9565	4832	5902	6514	6473	7830	4513	9186	8894	8149
8468	6345	8304	7063	5935	7346	6253	3547	6758	7129	7038	6262	5148	6950	4456	7722	4962	6262	5953	4255	6888	7140	6192	6664	11226	8127	6171	7655	7642	5509	5296	5335	5314	4578	6584	4609	8085	7054	8244	8301	7608	6004	0	8637	7490	8057	6672	7878	6697	5598	5310	5588	5932	9042	6107	5549	5795	6922	6293	7393	3577	7832	6026	6654	4881	6392	6251	7771	5192	5746	5746	5065	6806	7584	7921	5151	6692	7024	6390	6907	6794	7596	6407	6124	9208	5493	7053	4044	6525	9203	9324	5375	6412	7277	5793	5637	7208	9604	6677	6357
8804	9541	9822	4410	5216	8616	7300	4409	8454	8996	9001	5283	6880	4570	5086	8699	6294	5389	5882	6844	7619	10390	8654	7838	10055	9856	6594	7409	8327	7586	7256	7111	6040	6310	6786	7853	6284	4673	9139	6918	9069	7059	9019	0	7048	6736	8959	8497	8698	4182	7315	7285	6539	11363	8504	5079	5284	6472	4994	9315	5247	7528	10397	8200	7209	5069	9256	3966	7551	7963	5931	5847	4708	5476	8113	7110	6209	7876	5478	5982	8431	9046	6553	7841	8507	6303	9078	4595	8442	12402	8381	5715	4406	8122	7900	5878	6262	8215	7457	7514
8285	7051	9237	5988	4309	7915	6997	4803	4740	9339	8745	4399	7548	6219	4935	6592	5536	5409	5865	7727	6115	7495	7251	9410	8012	8224	7244	6912	8282	6642	9441	9449	6306	6213	4467	7382	6840	6869	8474	9553	8743	8607	7616	6279	0	8677	9004	5830	6656	4434	7721	6021	7456	7562	6474	3336	5642	6409	4693	6741	4714	6524	10478	6552	5431	6568	8919	5218	7675	6912	7988	5833	5988	7676	8804	8815	4922	5836	5100	5504	5965	12102	6514	7825	8994	7850	5671	6201	7286	7676	7528	5024	3366	7802	7520	6590	8287	7951	7065	4477
8073	8124	10927	5755	6605	9459	7474	3823	7028	9038	9516	4936	5560	6789	4256	7919	3654	6276	4750	8226	6398	7713	8405	7546	8633	8071	6959	6205	6837	6524	5991	6595	3640	5103	6948	8064	6882	4230	6749	6244	6633	7025	7844	4883	7926	0	8698	8102	9812	5092	6091	6894	6469	9426	8032	4508	5989	4344	5822	8365	5150	7211	8382	5160	8013	6217	6705	6317	9387	8239	5263	5496	5358	7278	7777	7839	5876	7676	6407	6906	7157	8947	5420	6731	9557	5975	7417	4132	6387	11079	9150	5132	6431	7728	7686	6131	5352	8093	5653	5933
4982	6010	6272	4901	5220	6121	4033	3853	5036	5807	5183	5618	3605	5062	3889	6311	3109	3875	4539	4605	6819	6821	5689	3901	8358	6671	3535	4472	4418	3662	5999	3331	3919	5399	5068	5275	6364	5660	6731	7616	4918	5532	5056	6521	7096	6676	0	5041	3799	2905	4984	3556	4849	6725	6534	3892	3477	5186	5227	7428	4957	4236	5184	5062	4507	5418	5509	6117	5978	3757	4654	3286	4754	6366	3845	4889	3954	4291	3573	4328	5310	7319	5458	6199	5032	5601	3935	3391	7145	8008	6143	4097	4984	5136	2613	3370	4556	8923	6214	5154
8528	8885	7798	6016	5609	7548	6816	5012	7250	7830	5936	6099	6561	6797	5069	8864	3657	4725	5622	7505	7746	7372	8394	6447	7760	8236	6622	8375	6340	4671	9421	8116	6073	5980	5742	8933	7375	7539	8209	9409	7322	6969	8860	8215	6001	8584	9957	0	6273	3911	8926	5594	8438	11235	7363	5216	6287	6631	5088	9294	7099	8220	8624	6577	6307	6836	8372	7942	9441	5123	6239	5188	6042	7793	5084	7981	2967	7093	5154	6899	7803	11358	5548	7002	7113	8716	6969	6234	10056	8910	9652	3527	5648	7252	6346	5811	6829	9711	7698	5196
8481	8911	7469	6426	6586	7357	5066	4525	6837	8320	8050	5165	7835	7398	4931	7285	4052	2470	5894	7090	7400	8468	5859	6219	8433	7130	5678	8001	5505	4535	7435	6500	6194	5662	5958	7330	8082	8432	10281	9893	6558	5296	5338	8013	7002	8771	8185	5607	0	4567	7115	4405	8818	10271	8331	5930	5189	7163	6109	5188	5448	6915	8764	7931	3869	7688	7292	6418	8227	6705	6592	6122	6818	7286	7184	6055	4672	6092	6056	5543	8758	7967	5591	8593	9265	6909	7406	5459	6437	8623	8982	5925	4700	8751	5729	7247	6352	9355	6656	7528
8743	7651	11067	6620	5897	9678	8820	5977	8236	9320	11447	5399	9389	6780	4797	10304	5337	8020	5816	8960	8006	10448	10616	8801	10478	7476	7165	6857	8802	7262	9640	9140	6731	5467	9631	10193	5144	7868	9136	8609	9251	8699	9524	6813	7006	8288	9153	7066	11026	0	9645	7713	9386	12491	7678	5761	6977	7280	6131	8769	7551	11789	9896	9373	7833	8750	9708	7100	11462	7673	5835	7312	4890	7946	8341	9638	4517	7588	5779	10335	9084	12140	6695	7804	9915	8199	8452	5083	7812	12143	10406	5146	6572	8281	6987	6061	7991	8981	9021	6667
6976	7576	10355	7460	8776	9354	7859	4393	7733	8215	8681	3653	6050	6448	4116	9649	5087	5622	6700	7606	8147	5920	8930	6817	9008	6430	6622	8521	5622	4339	5739	5058	6772	6067	9635	6840	7303	5442	6282	9086	6525	5788	6095	7288	7617	6464	8084	7938	8461	5954	0	8038	7282	11669	8259	7431	5717	6327	7046	7876	5103	5271	8708	7494	7102	6938	8100	6058	6741	6461	5071	6715	6966	7567	8896	6175	5804	8845	6752	6459	7564	8566	6394	6733	7331	4970	6814	5045	7498	12452	8795	4986	6612	7729	6095	7669	5625	9422	5317	8349
8893	5958	8967	6232	6195	9655	6091	4989	6274	8457	7874	5974	5895	5417	5151	9657	2770	5462	3759	7749	7875	9176	8895	7071	9545	7203	6368	7190	5732	6944	6805	6679	6318	6898	5259	6017	8038	6354	9156	8729	7677	5942	5877	7194	6602	7283	7256	6192	6618	4872	8142	0	7760	9356	7548	6194	5100	6211	6550	7442	5275	10133	5993	7359	4919	8272	8504	7445	8482	5882	7435	5056	4275	6830	7834	7934	4739	7418	3471	6216	8537	9883	4763	8192	8579	7359	6787	4242	6906	10507	9747	5255	6082	7340	6448	4347	6387	8971	7860	6892
7607	6640	8291	5924	5367	5893	7791	4202	7361	7576	9385	6148	5537	7629	4804	9420	5766	4407	4543	6375	5955	10056	8233	6787	8112	8906	5092	7640	8372	6568	6093	5889	4295	8028	7116	7296	7017	6830	7890	7602	8201	7096	6486	5927	7567	8062	7166	9054	8743	4067	7595	6381	0	9283	8288	5343	5454	8952	7187	8360	5775	10464	6826	7124	7265	6175	9168	5729	8031	6729	5566	5641	5266	6371	7262	5115	5573	8018	3718	6935	8165	9636	6095	7446	8211	7951	6358	2733	6889	10991	8529	5809	5112	7559	6580	5939	6318	8991	8223	5374
7042	4345	7018	4134	3969	6839	6740	3268	4017	6558	8151	4896	3696	5543	4332	4265	3956	6331	5074	4570	3924	6417	4172	5524	7431	7408	4865	3912	5874	5246	5019	5073	2823	3469	4721	5317	5359	4914	7433	7471	6000	6570	4396	6039	5230	6017	6937	6465	7274	4057	6842	4718	5264	0	5216	3931	4482	6156	4373	4715	2610	7577	6619	5738	4046	6332	4831	7477	4751	5422	4533	3972	3422	6044	6734	4533	5259	4281	5236	4085	5986	6833	4647	4231	5612	4695	4938	3101	5948	7013	5799	3876	5877	6155	5971	3764	5092	8261	5798	3271
7401	6814	9586	6648	3965	9809	7594	5336	5269	8919	8703	6815	8453	6250	4504	6269	6251	6838	7489	5594	7748	7792	7513	7572	7761	8567	7111	8170	9598	8079	7085	8681	6685	5718	6490	7721	8657	5235	7624	10296	6918	8202	7417	7784	6437	8617	9664	7677	10187	6020	9172	7790	7801	12201	0	5894	9081	7003	3585	8199	5790	9898	7838	6445	5738	7678	10069	7720	7626	6152	6210	5358	5914	7392	8093	6774	5883	6469	6265	6423	8906	9525	6497	6866	8485	7655	7567	4653	7226	9216	9059	5517	5838	10047	6519	7783	8406	9225	7988	6941
8816	8313	10770	7537	5145	9655	8376	4531	7057	9592	10750	7136	7433	8342	5776	8164	6190	5769	6237	8598	7958	11050	7648	7619	10067	9783	7967	7877	8947	5703	8832	9625	4503	5169	7964	7681	8355	8933	10601	9569	9302	7866	8519	7166	4958	7701	9846	8419	9616	4135	9934	7716	8059	9577	8256	0	5664	7641	4543	10391	5435	9709	9260	7181	6091	8043	9458	6393	9869	8844	7726	6829	6758	7864	9610	9402	5704	5714	6257	8662	6829	12214	7221	8293	10601	9436	7723	4942	9337	11494	9699	4154	6927	9162	7127	7198	8206	10348	9415	4485
9743	8130	9815	5529	6779	7864	7197	5341	9035	8753	9308	4304	6304	8806	4763	10611	3574	5140	4781	8327	7158	10536	8235	6678	12217	8798	4279	6697	5469	4680	6673	4784	5741	6766	7610	6640	7151	7569	8913	8045	9479	4677	7808	6245	7863	9446	6973	7623	7794	4567	7796	5632	7637	9907	11735	5420	0	7929	8635	9533	5597	8488	8381	8300	6267	7697	7828	7303	9817	6780	7949	6271	5847	8401	8151	7128	4238	7857	4648	7977	7074	9188	6685	8387	8418	9385	5775	4931	9749	12178	9506	5305	5789	5789	6144	5346	4758	10688	8481	6582
8410	9389	8714	7498	6336	9037	5644	4298	6599	7032	7326	6204	6662	7257	4326	8120	3842	6454	5913	6501	8243	6903	9619	7846	9373	10109	7983	7918	8853	6976	8317	8060	5710	4223	6261	8175	7237	6938	8917	9129	8898	7717	9645	6604	8181	6301	8961	8194	8825	4967	8350	6239	9434	10053	7552	6218	6431	0	4506	8430	4666	6981	9336	6483	7126	7994	9700	7295	7932	5941	6507	3705	4600	9324	7879	8781	7080	6605	7269	6735	8922	9737	8025	9671	8522	6559	8102	6593	6762	8891	10128	5976	6710	9538	6075	6377	6739	8492	8843	5242
7337	8397	10475	5975	4055	8784	6391	4094	6088	9281	7086	7116	7866	6617	5373	8911	7069	5159	6993	6369	7911	7264	8037	7937	8053	8214	8234	7227	8814	6929	7560	8942	6283	4420	6787	8187	7975	8303	9066	9780	9668	8905	9595	5349	6913	8735	9272	7652	8160	4547	9536	6955	7920	9648	5639	4125	7530	5971	0	9206	5599	9669	10045	7462	5598	8767	11074	8053	8725	8688	6883	4406	4309	8286	7708	9386	6119	6013	7037	7498	9647	11812	5951	8300	9286	8008	9540	5576	9518	10130	9186	4332	7424	11026	7587	7980	7520	10795	9293	4331
7012	5629	7587	6291	6080	7428	7273	4762	7045	6194	8147	5052	6438	5949	4346	6328	3859	4827	6388	6734	6453	7299	5610	6388	7405	6639	6035	6851	5921	5200	6100	4854	5290	5359	6122	7337	5955	6353	8238	8264	5983	7410	4940	7261	5133	6931	7240	5764	4632	4699	5198	6018	5867	7894	5661	5989	5900	4552	5352	0	4454	7825	7563	6817	4905	7422	7079	6096	6525	3491	4127	6274	6756	7740	7872	5276	5614	4956	5136	5847	6420	7496	5696	7404	6352	4254	7362	4778	4749	7345	7997	4801	5792	7127	4233	5295	6234	7634	5465	6327
11700	7633	11500	6510	7571	10180	7596	5068	7930	8980	9465	5610	5620	7054	4828	8496	5251	7134	7382	6357	7132	8234	8838	7812	12109	10622	9093	8495	7608	7736	7519	8397	6586	5507	9138	6947	9430	6795	10827	8353	9904	8423	7296	7082	7727	8234	11785	10021	10076	7214	8218	7693	8917	8849	8476	6740	6523	6317	6700	9445	0	9436	9224	9141	5350	8601	8235	6612	4225	6790	7863	6666	4573	8587	10180	9727	8958	7662	7722	6457	8734	10264	8188	7902	8700	6115	7965	5549	7921	10611	10603	6537	7778	8535	8376	5110	7655	10192	7662	7561
7892	8410	10608	4664	6254	7494	6062	5427	5788	8988	8201	4454	6349	5089	4250	6924	4043	4660	6399	6482	8218	5963	7084	7128	9260	6870	7246	7834	5301	4367	6041	5958	6323	4952	6614	8080	7485	4863	6993	8347	6008	6508	7547	5498	6336	5909	6314	6886	7630	6533	3992	8685	9060	10383	6928	6060	5847	4414	5854	7245	4437	0	8383	6099	6244	6346	7207	5861	6429	5573	5322	5836	5113	8169	8131	6405	6035	6646	6970	4167	6550	7657	7274	7513	7166	5485	6154	5076	6512	8839	9893	5237	5139	7281	5489	5169	5539	8105	6010	6956
8614	6400	8986	6837	5446	8052	5619	4665	7406	6824	6143	6643	5706	7751	4537	8898	4170	5871	5523	6618	6409	7516	8155	3640	8674	6128	4583	5311	5919	5551	4937	5756	4861	4933	7771	5101	8661	7882	7937	7978	8320	4688	4712	7587	7239	7141	6122	6035	8382	5475	7307	5215	5619	10301	6619	4609	5456	5736	6201	8921	4413	9193	0	6880	3638	7857	5052	6937	7114	5507	6459	4747	4384	5853	6525	5705	4340	6244	3821	7305	8604	8989	3862	6511	5818	6761	5767	3520	6965	8122	8705	5067	7006	6514	4321	5338	4957	9756	7818	6510
8221	8396	10959	6144	4747	9107	6636	3790	6000	9420	8744	5287	7443	7694	4180	8578	3607	6441	5300	6568	5651	7549	7580	7010	8062	7626	6060	7024	6743	6270	7580	6150	5212	5595	7090	7658	6694	4218	5966	7996	7214	7431	7143	7205	7906	5473	7945	7200	9268	5394	7149	6462	7445	10335	5827	5237	6451	5210	6000	8040	5879	7598	8591	0	7078	6330	8555	6825	10715	6562	6244	5823	5487	9623	6464	7323	6134	6827	6717	6226	8082	9747	6166	5567	7815	7581	7692	3860	5935	9151	7968	5179	5269	9196	6520	5917	5179	7769	5914	3561
9176	8284	10588	7591	5092	8957	6772	4745	6084	7916	8802	6989	6554	7926	5560	8340	5277	5851	7378	6726	7868	8530	6875	6729	11668	8904	6788	7785	6524	6828	7964	7441	5490	5429	7453	6619	8888	9914	11949	10306	8987	6242	7314	9175	7890	11101	8620	8480	6051	5481	9085	5929	9303	9163	7899	5325	6251	8342	5711	9746	4443	8853	7384	8678	0	9976	9184	7026	6760	7699	9142	5690	5281	7630	8293	7674	7290	4978	7187	5273	8967	9605	5818	9693	8196	7115	7493	5387	8717	9457	9494	6151	7838	10768	6328	8773	6688	12107	9444	6991
9151	10315	9548	4860	5127	8313	7661	4429	7434	10985	10800	4437	7649	8709	4895	7696	4067	4683	6941	5580	6113	9562	8095	8443	9532	10052	5705	8887	7688	5398	8660	7609	5201	6881	5399	7336	7541	3051	7677	7112	6515	7382	7297	5960	7136	7242	9763	6780	8297	5103	7143	7239	6486	10769	7937	4902	5754	7488	6786	9072	5367	7125	9708	6062	8057	0	8239	5716	8953	7649	6555	6409	4326	6456	6204	6704	5043	8188	5365	5755	8943	10174	7453	4352	8561	9226	7633	4087	6853	11035	8170	6621	3267	7358	8858	5931	5980	8012	6219	5976
7804	9326	10406	6587	5496	8828	6324	5416	6787	7453	8820	5550	6316	7235	3779	5849	4243	6797	5986	7593	6634	7900	7010	5958	9720	9986	5607	4983	7860	6103	6835	7667	4689	5170	6960	7193	8142	7292	9764	8912	7850	6737	6580	8215	8760	6924	10291	6872	8140	4051	7463	7794	9183	10361	8837	5441	5461	6153	7275	11229	4566	6980	6635	8022	5752	7194	0	8942	7379	8110	6690	5632	6293	6107	8213	4886	4832	5606	7375	7467	7536	8688	5588	6422	8675	7722	7222	4611	8323	9842	9802	7093	6439	7871	7792	5859	7310	10771	6823	7352
9447	7851	8548	5964	6961	8457	6925	5194	7893	9241	10013	4637	7193	6727	4202	9681	5620	4268	6662	7365	7345	9752	9036	6215	9000	9089	5670	9040	7612	6040	7772	7866	5508	8236	8475	7026	7073	6385	8694	7472	7664	7199	9313	4108	6330	8511	8495	9045	7447	4374	7363	7438	6593	12396	9158	5367	5449	7312	7449	8984	4796	8142	9501	8209	6015	6491	10670	0	8063	6685	7694	6521	4298	6084	8284	8054	5784	7298	4778	6690	7984	9347	6613	7740	8528	7208	7839	4856	7066	11823	8810	6017	4079	7990	6843	6159	5130	7509	6808	7015
8219	6405	9022	7174	7312	8065	6793	4393	6033	6178	6760	5645	4159	5052	5004	7681	5966	5275	7299	4902	6764	6655	6500	6288	11617	9641	7883	8195	7186	6198	6297	6831	7090	5218	6012	6033	8414	7212	9776	8330	8102	7005	5817	6830	7086	8941	9212	8681	8093	6440	6335	7254	7287	8326	6810	6530	6440	5935	5715	8751	1766	6875	7849	9454	3941	7716	7797	6413	0	5262	6731	4315	4570	5911	8196	6895	8362	7271	7021	5273	7208	7486	7735	7856	7555	5220	7027	5153	7471	8756	9193	5640	6395	8343	6788	5461	7255	10318	8664	8098
9643	8061	7698	8462	7433	7054	6607	5961	7888	7120	6888	6426	5970	5570	4907	11142	4458	5732	6672	6018	7939	9508	7745	6958	10026	9468	7308	9227	8682	5751	10034	7475	7955	7755	7418	8893	7957	8296	9324	10742	8917	8443	8325	9485	8848	10700	7799	6680	8241	4925	8429	6685	7754	10764	7328	7612	6653	5821	7700	8325	5387	8060	8954	8074	7147	9061	10489	7711	7260	0	4829	5665	7554	8911	7117	7658	6988	6922	5578	7133	9122	10551	8330	10206	7363	5614	7789	7310	7019	7771	10676	5998	5081	6315	5014	5125	6463	9244	10045	7336
9526	9006	7249	6562	6523	6920	7365	4662	6781	7956	9621	6001	6211	5967	4352	9056	5584	6556	6380	5510	9788	9799	9729	8577	9364	7889	7813	9846	8172	5754	7797	7018	5854	5957	9034	7825	5667	6753	9026	9467	7363	7499	8306	7533	10006	7531	9318	8579	9302	2964	7531	9003	6444	9580	7768	6548	7014	7306	6544	8014	6646	9496	10064	8483	9512	8664	10276	8259	9220	5586	0	5087	5372	8770	9118	5055	6931	7627	6016	8771	9372	10125	7717	8436	9930	4408	9288	5034	8264	11577	11362	5854	6788	7162	5859	6811	6994	8320	9300	6899
9885	9220	9932	6016	5750	10001	6207	4213	6738	10090	7880	7807	6521	6531	4137	9442	4390	7407	7228	6697	7807	7269	10574	6830	9877	8556	7157	9060	6481	7638	6699	7683	5973	7101	7229	6012	9240	6806	9780	11076	8561	8311	8537	5944	8817	8969	7591	9155	10067	5909	9895	7055	8044	10251	8704	7463	6601	6166	5731	9256	6277	9201	8890	8437	7094	9414	9582	7583	8321	7612	6235	0	2158	8313	10249	6900	6319	8309	6650	7622	11313	9892	6388	8683	10324	7706	9184	5055	8821	11905	9987	6205	7184	10295	7443	5513	5610	10419	10225	6267
9241	10335	6253	5790	4192	8164	6429	5117	4887	9836	8464	7286	6211	5616	5236	7613	4334	5850	6760	4821	10035	8415	10331	7367	8829	10076	7199	9836	6543	6655	7295	6825	4219	6972	6252	5032	7625	5207	10446	8542	7541	7188	9340	7087	9558	9204	9056	9440	7477	4115	8361	5578	6850	8113	7799	5290	6410	6253	5547	10826	4553	8194	8638	6699	6121	5904	10276	5331	7274	7982	4787	1838	0	7456	7918	5692	6354	6277	5604	4910	8941	10510	7677	7486	6994	6520	8902	3529	8081	10822	8731	6705	5765	8951	7939	6704	6385	9938	8497	5388
8708	8589	8020	7175	4077	7356	7700	4299	6149	7600	10146	6274	7313	5192	5465	8093	6490	5220	6678	7349	6906	11860	7904	6925	8193	8614	5079	6519	9260	6306	7110	7241	4911	6606	5792	6545	7498	6995	10328	8671	8163	5635	7946	6401	8381	8141	9910	8391	8496	4164	7382	6887	6062	9573	7066	4471	6161	8351	6051	11285	5557	8038	7775	9087	5449	5374	7442	5359	6230	7509	6165	4879	5455	0	8116	4687	4560	7148	4153	5428	8772	7971	6676	7072	9065	7336	7502	5337	7784	10438	6917	6937	4573	7473	8349	7840	6760	10169	9257	7003
6528	7402	8066	6555	5494	6681	6632	4106	6472	6583	6475	6040	5671	7506	4919	9541	4214	3436	5986	4568	6445	8156	7706	5048	9013	8256	5181	6399	7492	4650	8443	7406	5545	5305	6303	8645	6558	5374	6585	7654	7088	6382	8095	7129	8875	7337	7369	4551	6040	3654	7805	5314	6718	10415	6223	5306	5202	6321	5253	10266	5317	8083	6691	5507	5122	5162	7824	6514	7869	5234	6342	6039	4599	6600	0	7204	4836	6394	3569	5694	8532	10149	5748	5218	5689	7180	5889	4683	8072	9099	7069	5053	5211	6389	5407	6111	4229	10818	7498	5892
8947	9507	9433	7243	5681	9206	7249	4557	6558	9349	11725	5865	7149	7918	3977	8086	5383	6632	7922	6641	7381	10992	8485	4706	9755	9172	4256	9207	8560	6444	6291	5797	4738	7473	7033	7163	8487	7895	9788	10074	7992	6016	6626	8521	10276	10135	9638	9316	8751	5893	8182	9114	6460	10626	8162	7389	6314	8869	8706	9791	7864	8656	7909	8963	6978	7683	6674	8155	9299	7718	4947	5392	6139	6226	10187	0	4605	8043	6232	6663	9558	6933	7384	7444	9025	7847	7623	4377	7248	10766	9897	6805	5861	9795	6479	8185	6695	9336	8373	8215
8673	9538	7334	7067	4712	8232	7742	5393	6946	9629	9565	6459	9207	6811	4220	9348	5424	4800	6651	9427	8246	10522	9940	7758	8002	10394	5730	8612	8864	5259	8778	8226	6017	7711	6424	8280	8597	8494	10193	11266	7612	6508	10023	8424	8570	9954	10131	5539	6504	3146	9264	5654	7606	11478	8480	5880	5155	8182	6456	12070	8707	8892	9627	8368	7656	7061	9403	7964	11854	8016	7349	4445	6459	6701	8274	6403	0	7969	5302	7335	8536	10566	6994	8957	9329	10284	8003	6292	10102	11705	8432	5814	4998	8389	8076	7640	7355	11687	10068	6144
7413	8113	9661	6918	4609	8520	6853	4740	6558	6301	9783	6719	7594	7212	3868	5898	4758	6387	5419	6407	7086	7332	6748	6190	9477	8367	6448	6185	8013	5676	6735	7912	4083	3664	7963	7783	7040	8011	9555	9168	7830	7887	7407	6979	7369	8662	6958	8405	8518	4337	9147	7508	8731	9461	6369	4497	6503	5830	5070	8499	4718	9373	7703	7596	3705	9668	6499	7050	8243	6268	7194	6704	5726	8467	8637	7547	7104	0	6589	5668	7669	9594	6488	7562	6737	6456	6837	4680	7342	9583	11038	5403	6671	9670	5912	5462	7409	10267	6638	5542
10136	7266	7473	7803	4891	6719	8394	4596	7556	9282	10087	7070	7742	7128	6060	10447	5367	3906	6130	6913	7860	12483	10273	7432	9392	8727	5267	8865	8674	5523	8803	7423	5879	7564	6117	6672	8499	6500	9880	9375	9011	7132	8117	7554	7121	9773	7782	7680	7827	5187	9266	4487	5282	10771	8413	5044	5064	8902	7283	10139	6464	11197	7605	8044	7117	6404	11171	6229	10117	6303	6137	6348	5332	6103	6624	6901	4776	7477	0	6133	9477	11228	6560	7128	7984	9065	6975	5688	9831	12159	8116	6606	4733	5779	7188	5846	6765	10855	9928	5681
9993	6397	10863	7221	5229	11006	7424	4702	7668	10059	9841	6245	7728	7941	5323	7507	5413	6752	6902	7616	6617	7979	9589	5626	10537	6514	6593	8668	6628	7572	6855	6589	4598	5344	6850	8389	10072	5723	10235	11436	8680	7664	7925	7834	7782	8931	8350	8547	9000	7925	7683	6995	8181	9664	7508	7316	7675	7953	7221	9650	4776	6861	8433	7368	5199	7416	9614	7174	7465	7919	8210	6536	4373	7323	8709	6766	7059	6330	5655	0	9915	9402	7228	6810	6695	7413	4367	4210	7829	10638	8923	5979	5600	11156	7430	7225	6806	11490	7971	6819
5416	8099	7070	6087	5005	6074	7178	6200	5268	6943	7927	4993	5130	5706	5111	6909	4462	6171	4562	6637	8319	7582	6077	6843	9471	10194	8238	8583	6665	4856	6622	6511	4632	5640	5150	6739	4845	6150	8111	6168	6893	6670	6538	7126	5854	6079	8469	6904	7314	2772	6050	6299	6742	9097	6549	3457	4008	5735	6223	8709	4840	6075	9881	5696	5703	6123	7452	5540	6626	6463	5812	6331	5504	8270	7780	6436	5247	5470	6742	6293	0	7324	7402	6858	7665	6776	6277	3952	6474	9723	9540	4860	4804	7103	6522	5949	7702	9069	5145	5520
7069	6427	9864	6024	6128	6170	6848	4711	7941	6915	8915	4641	6312	6176	4820	6940	4430	6117	6718	5788	6994	8245	5431	4233	8040	9173	4735	8114	6148	5090	4640	3936	5950	5798	6638	5675	7692	6492	7205	7675	7449	4578	5796	5900	9567	7145	7734	9166	8342	5202	6302	7598	6510	10318	6590	7646	4778	6149	6969	7736	5578	7246	7794	7684	5070	7370	6682	6231	6294	5693	5291	5025	5895	5649	9192	3073	5299	7430	6116	5881	6783	0	5361	7320	8317	5385	6706	4764	6056	10346	8932	6394	5752	8090	5509	4986	5548	8780	6806	8276
9076	6862	10205	7487	5297	9102	8509	5692	7405	10951	8685	5957	8287	7679	4907	9298	5480	7104	5874	9784	6970	7875	8807	6724	9060	7530	5473	6530	6588	7253	6666	6835	5505	6418	7629	7266	7851	7642	8956	9236	9441	6065	7837	6971	7823	7599	9877	7533	9212	4182	8764	5865	7549	10710	9140	6043	6169	8214	6119	10350	6801	12142	7485	8207	5583	9594	7562	7021	10795	8555	7612	6016	6072	7881	9364	8415	5549	8229	5791	9510	9492	9908	0	7973	10169	7621	8008	5065	8414	11627	10628	5130	6149	8429	8542	7018	5264	10808	8832	6400
8684	8496	8877	5975	5613	9997	7442	4245	7909	9308	8972	6362	6501	7539	4127	9010	4690	5790	6065	5453	7208	8235	8538	5728	8259	9340	5746	8445	7873	5461	8073	7115	4513	4966	9645	5394	5550	3611	7170	9248	6795	8722	6196	7301	7599	7497	9426	6828	9934	4668	6903	7583	7188	9120	6613	4516	5673	7583	5996	10031	4356	9176	8829	5519	7114	4992	7534	6173	8156	7458	5746	6162	4898	7120	6439	6383	5512	6833	5206	6241	7603	9790	6605	0	7102	7923	6713	3373	7648	11267	8013	6053	5358	9240	8046	5771	6731	9380	4616	5267
7695	8509	7278	5283	5722	7502	8072	5296	7711	7083	8039	6118	5737	5597	5269	8532	4161	5519	6441	6420	7442	7171	8437	4145	7476	8551	5319	7371	7101	4477	8663	5995	5593	5055	7970	6979	7031	5860	9837	8159	7049	6893	8272	7328	8272	9238	8677	5354	8154	4953	6230	6321	6882	9359	6801	5807	5977	5448	6144	9671	4237	8401	6661	6749	4987	7154	8041	6366	6356	4026	5573	5619	3871	7792	6153	5908	4962	4654	4881	3981	7401	9710	6905	5954	0	6128	5939	5117	7842	9051	7213	5053	5639	7782	6045	6091	7459	10027	6945	6446
9827	6159	9834	7097	7246	9299	8053	4151	7389	7408	9533	5837	6150	4396	3849	8813	5447	8076	7353	5613	8309	7471	9282	7682	10298	6678	7396	7482	7458	7020	6135	5940	6210	5377	9027	6682	7068	6264	8652	8344	8130	6943	5895	6124	8865	6411	8059	9574	9788	5390	5440	7724	7445	9013	7468	7860	7270	5786	6497	6226	3886	8534	8183	8414	6148	9534	8880	6228	6205	4630	3184	5377	5990	7673	9037	6422	7900	6573	6427	6470	9601	7887	5830	8957	9173	0	8102	5178	6118	10109	9868	5398	7075	7565	5741	5725	5436	8724	7468	8314
6900	6523	8201	6857	5289	7699	6955	5236	6709	7748	9469	4957	5336	9021	5014	6734	4398	5449	4682	7444	6691	8061	8308	5234	9581	7882	4400	6924	6692	5889	7035	5687	3811	5566	7354	7644	7253	6245	8307	10488	8051	5649	7398	8930	6111	8149	6990	6971	8047	4328	7312	5933	6063	8350	7728	4877	4245	7408	7892	10160	5135	6725	7586	7140	5657	6523	7673	7503	7691	7055	7598	6138	6417	7223	6741	6335	5332	6013	4642	3094	6985	9165	6373	6811	7140	7952	0	3158	7574	9315	8107	5168	4763	8091	5870	6922	6585	10920	8131	6378
8871	9572	13268	5251	6557	11669	8699	5264	9149	11555	11110	6462	7225	10034	4645	9990	6410	7138	5579	8344	8896	9366	9763	7619	12540	8641	5894	8689	6145	8080	5276	6625	4839	7126	10097	8287	8060	6521	9230	9920	8082	7435	7338	6617	8226	9114	8367	10213	11517	4774	8806	8391	6065	11445	9241	6062	6437	10284	7727	8911	6693	10666	7841	7505	6980	7641	9544	7370	10380	10770	7888	7054	4051	9421	10171	7512	7239	8321	7366	7524	10209	12200	6260	7172	10778	9282	6813	0	8541	14179	11327	5138	7165	11435	7940	7200	6473	10854	7835	7168
7807	7767	8239	6565	5315	9479	5762	5747	6680	9829	10305	5040	8393	7062	3699	8011	3459	6462	5622	6493	5217	8417	7502	6096	8338	5664	6227	6476	7270	8123	7534	6297	5101	6400	6822	8529	5188	7529	8128	7095	8723	8090	5903	6612	7199	6627	7780	9103	7233	4153	7489	7211	6400	9328	6980	7132	6958	4894	7237	5669	5036	7941	8211	6778	5940	6768	7353	5490	8029	5108	6346	6375	5721	6444	8244	5559	6241	6588	6627	6617	8236	7708	5935	7205	8853	5533	6466	4662	0	5442	9624	6802	3446	9297	6397	5681	5706	7332	5699	6676
7428	5229	7348	6036	4803	7970	5124	5232	4533	6365	6615	4375	5422	3682	3923	6519	3820	5176	5646	5277	5605	5319	5417	5293	6997	5988	4471	5014	7047	6205	6593	5369	5417	5044	5136	7405	6718	6904	7324	6926	6349	5738	5652	7296	5449	7157	8081	5215	5713	4133	7072	5718	6961	7354	3842	5816	6580	3905	4558	5322	3633	6279	5790	5736	3702	7046	5193	6686	4898	2779	5441	4775	5046	5822	6127	4823	4969	5257	5505	5162	7056	6944	5081	6364	5416	5168	5584	5405	3129	0	6475	5124	3846	6313	5534	5499	5918	6724	5998	5077
6849	6097	7751	5269	4573	7424	6979	2735	5894	6877	8258	5375	5308	5876	4217	7481	6017	5328	7482	5793	4231	8848	6535	4814	6676	7706	3642	5169	8073	4715	7226	5658	4806	5058	6551	5323	7862	4267	8243	7970	5952	5804	6414	6291	5752	7694	7410	6498	6338	3873	5930	5192	5884	7806	5207	4620	4924	6858	4650	7221	4638	7786	7157	5204	4924	4954	6967	5440	6931	6240	5966	4173	4741	4343	5517	5034	3213	6703	3456	4133	7946	8239	5987	4849	5272	6620	5800	4557	7294	8029	0	5305	4466	6142	5789	7162	5736	9809	7579	4936
7457	6664	10496	7585	7037	9635	9507	4303	7904	9619	8891	6083	6707	8236	4630	10635	6012	6010	6069	8834	7916	9083	8738	6971	11985	7005	7765	9134	5956	5463	7045	6338	5718	6625	8345	9948	7216	9546	8260	9260	9141	6790	8589	7376	6857	9119	8276	6451	10400	4186	8337	8365	7127	10984	9138	4717	6091	8015	5467	8882	7497	10535	9527	8005	7150	9163	12286	7298	9973	7049	6985	6358	5821	9681	9025	8955	6177	8052	6820	9485	8648	12610	6002	10076	9888	8461	7071	4394	9767	12072	11622	0	7386	8413	5469	6988	6460	9864	10595	5255
9358	9947	9014	6235	5539	8539	8026	5930	7357	12029	11455	4910	10181	7676	5184	9982	5520	4491	5873	7977	5550	11128	9234	7766	9071	8817	5119	8191	9058	6499	9499	8655	7745	8385	6074	8622	7439	6122	8802	9915	8712	7937	8771	5335	6620	9851	9347	8507	8194	4957	9663	7553	7621	13014	8534	7057	6047	8804	8423	10656	7185	8864	10333	8144	8631	5712	9352	5649	10036	6983	8010	6983	5735	6127	8374	7310	4715	7867	4342	6137	9674	10502	6770	6711	9155	9378	6810	5775	6196	10117	9145	7472	0	8002	9746	5768	7091	9380	7676	7445
9072	6708	6782	6912	6240	4342	7907	4367	6865	6868	8413	3701	4661	5822	4736	8964	4546	4363	5532	6228	5578	9380	7651	7435	10125	9058	4987	7298	7635	3749	7026	5753	6072	6501	6363	6805	7227	5519	7556	7734	6905	4030	6544	6482	6667	7708	8098	5855	7190	3601	6484	5547	6291	9184	8443	5263	3146	6978	7602	9002	4219	7394	6964	7841	7403	5178	7230	6078	7372	3867	4605	5762	5370	6186	6021	6527	4219	8025	2677	7741	6974	9381	6130	7421	7380	6741	6316	5951	9048	9410	7180	4889	4048	0	5735	4665	4821	8222	8218	6415
5753	7288	8317	7703	7135	7618	4921	4032	7273	5352	5703	5915	4336	7584	3379	8775	4093	5113	6864	5728	7734	8819	6613	4293	11083	8476	6496	8274	6215	4089	7184	5280	5261	6234	8167	7353	7219	8034	8334	10469	6911	5984	6832	8496	8154	8786	5354	6024	6024	3831	6336	6775	6559	10758	7506	5679	5057	5593	6295	7454	6177	7353	6630	7028	5457	8379	8322	7222	7695	3827	3805	5001	6457	8825	6061	5062	5591	6347	5463	7321	7152	8292	7145	8811	7463	5714	6364	4689	8305	10720	9062	4062	7753	6644	0	6366	5534	10218	8942	7942
9977	8473	9220	5913	6538	8643	6512	5478	9153	9068	8473	5983	6952	7380	4611	9312	3428	6150	5942	6402	7592	9296	9341	7668	10420	9749	7198	7950	6657	5846	9138	6749	6921	6873	7867	8027	7936	6441	7302	8785	9319	8637	7202	6763	8403	8395	6676	7316	9901	4451	8326	6471	7472	10766	9285	6644	5837	5507	7679	9786	4571	8747	9088	6235	8785	6537	8172	7451	8408	4800	6283	5623	5251	9550	8124	8844	6142	7820	5234	8281	8714	9972	7671	7372	8999	8075	8180	5477	7981	11647	11150	6088	5547	6943	6952	0	6606	9684	7982	5691
9171	8132	9452	7747	6916	8206	6975	3796	7531	8159	8476	4945	4702	9238	4485	11476	4966	4773	6319	7454	5651	7880	8656	5671	11411	8078	4285	7875	6096	5039	4850	6233	4831	7191	7658	7441	7555	7065	6705	9520	9098	4650	8548	6448	10079	7981	7427	8293	7555	5460	6856	6638	6621	9804	10959	6578	3932	7533	7894	9438	6098	7853	7447	7156	6683	6998	8760	5760	9669	6525	6782	5253	5136	7458	5995	6479	5723	9150	5570	7605	10113	9765	4785	8591	9853	7446	7250	4744	8561	11376	9142	6021	6227	6567	6721	6309	0	11129	8352	7060
7600	6980	8402	5736	5140	7265	4655	4110	4635	6995	8125	3139	6534	4896	3696	6045	3673	4236	3718	6106	5348	7979	6707	7715	6301	7386	4018	6352	7476	6614	7420	6440	5014	6495	5248	7143	5330	4439	6176	6106	5705	5997	7201	5064	6001	6273	8127	7299	7805	3518	7364	5683	5503	8640	5933	4568	5473	4883	5908	6785	4558	7290	8500	5079	6866	4842	7290	4032	7845	4852	4751	5637	4797	6118	7763	5601	5713	6804	5097	6546	7782	8530	5876	6438	8274	6692	6992	4100	5793	7994	8879	5226	3540	6380	6557	5218	6222	0	6008	4105
8276	9211	9955	5738	7698	10211	6712	5167	6781	8882	8512	3527	5326	6848	4387	7709	3790	5329	5086	7458	7587	5807	7859	6330	7543	9854	6178	7683	6441	5848	7575	6187	5341	6672	8405	6228	6188	4817	6596	6907	6432	7569	7135	6866	6849	5683	9158	6434	7286	4978	4233	7050	7263	9210	8005	5839	5335	6105	6988	9139	3641	6487	9779	6165	6161	6313	5755	4672	7016	7047	6656	7575	5889	7597	7719	6622	5213	6828	6825	5924	5053	8191	6446	3862	7362	6277	6922	4339	6521	10165	9150	6867	5161	8257	7875	5629	6483	8717	0	6507
8872	5878	11287	6209	4259	9458	8465	3900	6456	9325	9490	6111	8109	8219	4690	7865	5417	7241	5024	7963	4196	7383	7900	7197	8830	5860	6334	5401	6660	6345	7163	6883	4630	4222	6929	8545	6722	6836	7850	7598	9357	8994	6929	5667	5606	7866	7490	6702	11103	4705	9030	7898	6832	7957	7460	4991	6212	6622	4536	6797	5606	10104	8789	4852	6694	8350	8653	7112	10423	7652	7316	6432	4427	9090	8144	8814	5896	6323	5726	7401	8334	11568	5011	6187	8641	8832	7673	4658	7721	9986	8690	3360	6469	8590	7018	4812	5718	8273	6695	0
