RAND-S-6x6-36-25-AFFY-00_rand_rand_bl
gats_best_cost 3296
{17 30 24 10 29 23 36 5 15 33 18 14 28 19 6 3 8 21 26 1 31 35 16 34 2 25 32 13 12 20 22 11 27 9 4 7 }
{17 36 28 26 2 22 30 5 19 1 25 11 24 15 6 31 32 27 10 33 3 35 13 9 29 18 8 16 12 4 23 14 21 34 20 7 }
{20 28 36 17 30 9 3 21 12 13 26 7 8 34 16 35 2 4 6 19 5 15 33 29 31 1 22 24 18 10 32 25 11 27 14 23 }
{22 2 26 28 36 17 11 25 1 19 5 30 27 32 31 6 15 24 9 13 35 3 33 10 4 12 16 8 18 29 7 20 34 21 14 23 }
{23 10 29 4 7 9 14 18 33 2 26 30 27 24 15 35 13 17 11 22 5 16 12 36 25 1 19 34 21 28 32 31 6 8 3 20 }
{23 14 21 34 20 7 29 18 8 16 12 4 10 33 3 35 13 9 24 15 6 31 32 27 30 5 19 1 25 11 17 36 28 26 2 22 }
{23 29 10 24 30 17 14 18 33 15 5 36 21 8 3 6 19 28 34 16 35 31 1 26 20 12 13 32 25 2 7 4 9 27 11 22 }
{32 25 11 27 14 23 31 1 22 24 18 10 6 19 5 15 33 29 8 34 16 35 2 4 3 21 12 13 26 7 20 28 36 17 30 9 }
{32 31 6 8 3 20 25 1 19 34 21 28 11 22 5 16 12 36 27 24 15 35 13 17 14 18 33 2 26 30 23 10 29 4 7 9 }
{7 4 9 27 11 22 20 12 13 32 25 2 34 16 35 31 1 26 21 8 3 6 19 28 14 18 33 15 5 36 23 29 10 24 30 17 }

RAND-S-7x7-49-25-AFFY-00_rand_rand_bl
gats_best_cost 4564
gats_optimal_time 5517
{29 14 25 45 8 10 28 11 15 36 43 42 40 32 21 4 34 31 18 9 41 24 49 47 35 30 2 20 1 3 38 13 48 19 23 44 33 46 17 37 12 39 16 26 5 7 27 22 6 }

RAND-S-8x8-64-25-AFFY-00_rand_rand_bl
gats_best_cost 6048
gats_optimal_time 32795
{18 26 43 22 15 46 14 47 10 2 36 59 24 6 56 20 9 19 30 16 38 48 60 53 49 23 52 33 61 42 32 21 54 41 39 50 27 55 58 57 62 45 37 13 11 7 1 35 28 34 29 44 5 40 25 8 51 12 63 64 17 31 3 4 }
{18 26 43 22 15 6 46 14 10 2 36 61 59 24 20 53 9 19 30 38 16 56 60 48 41 23 52 33 42 21 32 49 54 47 39 50 27 55 58 57 62 29 37 13 11 7 1 35 28 34 45 44 5 40 25 8 51 12 63 64 17 31 3 4 }
{20 46 6 31 17 40 7 48 53 14 56 49 41 5 11 18 13 55 21 23 52 39 27 50 9 58 32 12 63 57 42 60 47 29 34 51 15 22 24 38 54 62 28 19 59 61 33 16 30 45 10 2 36 3 25 1 64 44 37 26 43 4 8 35 }

RAND-S-9x9-81-25-AFFY-00_rand_rand_bl
gats_best_cost 7644
gats_optimal_time 427861
{42 71 69 68 50 60 20 35 22 45 48 66 43 33 77 56 27 31 53 63 32 36 15 4 49 54 21 67 9 5 41 72 64 57 1 61 8 19 73 79 59 46 6 38 24 47 78 75 70 10 34 12 74 13 40 58 62 28 80 25 76 23 44 51 17 3 18 11 7 55 16 39 29 14 81 26 2 30 52 65 37 }
{45 71 69 68 50 60 20 35 22 42 48 66 43 33 77 56 27 31 53 63 32 36 15 4 49 54 21 67 9 5 41 72 64 57 1 61 8 19 73 79 59 46 6 38 24 47 78 75 70 10 34 12 74 13 40 58 62 28 80 25 76 23 44 51 17 3 18 11 7 55 16 39 29 14 81 26 2 30 52 65 37 }

RAND-S-10x10-100-25-AFFY-00_rand_rand_bl
gats_best_cost 9432
gats_optimal_time 267105
{21 5 65 73 22 16 71 50 77 48 2 83 36 72 69 61 86 37 3 9 43 63 11 7 54 80 20 75 55 64 96 47 95 15 78 33 17 66 38 91 82 81 1 41 30 100 19 93 44 4 32 29 51 62 58 59 56 45 14 40 53 57 12 39 46 8 18 79 52 35 31 97 42 92 74 10 6 94 13 23 88 27 76 98 68 24 85 70 90 49 87 28 67 25 99 84 34 26 89 60 }
{21 5 9 73 22 16 71 50 77 48 2 83 36 72 69 61 86 37 3 49 43 63 11 7 65 80 20 75 55 25 96 47 95 15 78 33 17 66 38 91 82 81 1 41 30 100 19 93 44 4 32 29 51 62 58 59 56 45 14 40 53 57 12 39 46 8 18 79 52 35 31 97 42 92 74 10 6 94 13 23 88 27 76 98 68 24 85 70 90 54 87 28 67 64 99 84 34 26 89 60 }

RAND-S-11x11-121-25-AFFY-00_rand_rand_bl
gats_best_cost 11640
gats_optimal_time 302968
{88 121 28 54 26 40 35 9 114 100 21 106 79 70 30 77 95 44 76 3 45 33 37 48 99 32 19 119 108 102 57 52 93 89 120 97 78 69 117 72 59 61 63 66 20 65 16 49 87 62 55 27 115 47 1 92 14 23 82 64 80 104 58 10 85 51 56 84 73 111 91 118 5 31 42 11 103 6 116 15 7 68 24 74 110 83 17 105 53 43 71 94 29 75 39 22 90 34 18 36 98 38 41 8 13 109 50 96 86 112 46 113 25 67 60 107 4 2 101 12 81 }

RAND-S-12x12-144-25-AFFY-00_rand_rand_bl
gats_best_cost 13832
gats_optimal_time 1725134
{106 88 33 112 107 92 22 139 8 125 81 133 29 104 126 3 76 17 35 137 77 60 21 144 14 86 38 4 120 87 128 58 37 10 25 85 74 65 98 45 115 122 2 96 110 90 138 108 78 36 124 136 97 27 64 51 140 54 141 95 43 69 52 75 28 109 41 131 12 49 117 13 63 129 44 89 102 142 118 34 123 113 42 82 19 134 40 99 18 53 101 24 9 46 103 130 16 39 105 119 61 59 47 121 127 15 135 70 100 62 93 5 20 56 114 31 91 67 50 26 83 143 94 11 30 132 116 57 7 73 32 1 48 111 68 23 84 71 6 80 79 55 66 72 }
{134 40 57 36 69 95 25 85 32 66 79 80 70 72 129 63 43 13 10 37 73 55 97 115 138 48 61 19 78 117 90 54 51 104 29 27 114 47 59 30 16 119 22 35 17 14 86 65 131 5 20 6 62 100 58 128 87 120 4 3 1 93 11 94 98 124 53 18 111 143 38 126 26 24 127 121 45 136 74 112 68 7 139 137 50 9 23 34 118 41 88 33 125 21 84 101 92 123 8 12 46 109 102 106 56 144 83 2 142 113 49 140 64 91 89 71 132 133 116 42 76 28 15 135 103 31 122 44 77 60 107 82 39 105 67 99 108 141 52 75 81 96 110 130 }
{134 40 57 36 69 95 37 54 112 73 79 80 70 72 129 63 43 13 10 64 32 55 97 115 138 48 61 19 78 117 90 85 51 104 29 122 114 47 59 30 16 119 22 35 17 14 86 66 131 5 20 6 62 100 58 128 87 120 4 3 1 93 11 94 98 124 53 18 111 143 38 126 26 24 127 121 45 136 74 65 68 7 139 137 50 9 23 34 118 41 88 33 125 21 84 101 92 123 8 140 12 25 102 106 56 144 83 2 142 109 49 113 46 91 89 71 132 133 116 42 76 28 15 135 103 31 27 44 77 60 107 82 39 105 67 99 108 141 52 75 81 96 110 130 }



RAND-S-6x6-36-25-AFFY-00_rand_rand_ci
gats_best_cost 169016907
gats_optimal_time 84
{27 14 23 34 19 16 11 4 9 20 5 8 25 12 13 3 7 30 32 31 35 1 17 36 10 6 15 33 26 28 29 24 22 18 21 2 }

RAND-S-7x7-49-25-AFFY-00_rand_rand_ci
gats_best_cost 237077377
gats_optimal_time 39550
{14 10 3 38 2 39 28 13 1 49 5 7 9 32 35 44 45 41 19 20 40 15 43 46 16 8 23 42 36 11 33 26 27 47 18 4 17 48 37 12 31 22 24 21 25 30 29 34 6 }

RAND-S-8x8-64-25-AFFY-00_rand_rand_ci
gats_best_cost 326696412
gats_optimal_time 384052
{56 16 38 64 10 13 53 21 33 60 18 48 50 11 9 58 14 34 32 42 27 15 51 1 37 29 55 49 57 3 25 7 45 63 23 52 39 35 8 40 30 19 47 54 5 31 17 46 28 61 36 62 41 20 26 6 12 22 59 2 4 43 44 24 }

RAND-S-9x9-81-25-AFFY-00_rand_rand_ci
gats_best_cost 428682120
gats_optimal_time 321304
{16 37 62 40 49 70 71 32 58 50 39 53 44 4 56 6 63 78 68 43 10 15 64 72 45 36 51 66 77 33 1 57 52 41 35 29 26 18 3 54 65 42 27 13 14 55 11 80 76 28 59 75 46 34 7 48 9 81 73 79 2 30 25 74 23 8 19 47 61 21 31 12 38 24 5 22 20 67 17 69 60 }

RAND-S-10x10-100-25-AFFY-00_rand_rand_ci
gats_best_cost 525401670
gats_optimal_time 746767
{67 28 91 74 68 98 40 46 64 25 16 35 21 93 44 12 66 38 84 39 23 9 5 45 50 37 4 41 99 22 1 55 59 56 92 19 88 29 51 62 81 78 34 100 83 33 31 32 87 80 10 65 54 8 72 15 97 27 76 85 2 69 61 36 73 17 57 42 24 63 82 43 20 13 96 52 77 30 95 47 89 60 86 70 94 79 18 49 7 11 90 58 14 71 3 53 6 75 48 26 }

RAND-S-11x11-121-25-AFFY-00_rand_rand_ci
gats_best_cost 658317466
gats_optimal_time 157287
{32 99 37 21 93 88 110 39 54 101 28 117 80 68 100 45 74 22 9 77 30 24 118 95 61 106 44 3 34 114 50 35 2 103 120 40 104 108 53 90 18 11 43 41 58 89 59 72 51 26 13 105 119 67 4 98 27 121 102 6 42 109 31 8 60 107 15 55 76 48 116 19 5 12 81 65 33 36 115 62 73 84 17 92 14 78 70 113 96 85 87 49 23 16 56 112 69 97 57 10 46 64 82 29 94 38 7 79 86 52 83 71 111 91 75 20 66 25 1 63 47 }

RAND-S-12x12-144-25-AFFY-00_rand_rand_ci
gats_best_cost 803379686
gats_optimal_time 151830
{65 138 114 12 90 117 13 141 34 42 83 123 118 25 41 131 52 74 95 6 70 122 4 8 1 144 100 124 136 27 80 79 55 31 121 127 11 98 119 101 14 45 97 115 7 91 81 108 93 94 62 53 21 22 142 109 89 86 128 35 16 68 143 111 18 30 102 28 140 50 87 120 137 44 77 66 112 3 32 73 24 26 17 99 38 133 58 75 139 57 76 105 67 135 106 51 33 125 60 69 36 78 134 40 103 64 49 54 126 48 129 63 43 107 15 130 46 2 113 92 72 104 88 59 47 39 82 37 56 116 96 23 110 19 29 61 20 5 10 85 132 71 84 9 }
