        125

  0 32 39 28  0 15  0  0 21 32 17 39  0 39 28  0  0  0 32  0 28  0 32  0  0  0  2  0 39 39  2  0  0 39  0 32 39 31  0 31 28 39 28 32 39  0 28 28  0 31  1  3  0  0  0  0  0  0 39  0 31 32 28 31  0 28  0  0 39  0 32 32 31  0  0  0 13  0  0 31 28  0  0  0  0 31  5  0 31 28  0  0 17  0 17 31  0  1 28  2  0  0 31 39 31 13 21 32  0 32 28  0 32  0  0  0  0  0 15  1 32 13  0  0  0
 32  0  0  0 35  0 32 31  0  0  0  0 37  0  0 31 32 35  0 32  0 35  0 19 31 32  0 32  0  0  0  6 37  2 37  1  0  0 35  0  0  0  0  0  0 31  0  0 35  0 32 32 35 31 35 35 31 32  0 24  0  0  0  0 10  0 24 32  0 31  0  0  1 32 23 37  0 37 35  0  0 37 31 37 23  0  0 31  0  0 31 20  0 31  0  0 37 37  0 35 24 37  0  0  0  0  0  0 35  0  0 37  0 35 31  2 31 32  0 37  0  0 35 20 19
 39  0  0  0 41  0 39 25  0  0  0  0 31  0  0  3 39 41  0 39  0 41  0 31 15 39  0 39 10  0  0 31 31  0 31  0  4  0 41  0  0  0  0  0  0 14  0  0 41  0 39 39 41 15 41 41 23 39  0 31  0  0  1  0 31  0 31 39  2 25  0  0  0 39 31 31  0 31 41  0  0 31 15 31 31  0  0 14  0  0 23 31  0  9  0  0 31 31  0 41 31 31  0  0  0  0  0  0 41  0  0 31  0 41 23 31 14 39  0 31  0  0 41 31 31
 28  0  0  0 41  0 28 31  0  0  0  0 11  0  0 31 28 41  0 28  0 41  0 37 31 28  1 28  0  0  0 37 11  0 13  0  0  0 41  0  0  0  0  1  0 31  0  0 41  0 28 28 41 31 41 41 31 28  0 37  0  0  0  0 37  0 37 28  0 31  0  1  0 28 37 20  0 20 41  0  0 13 31 10 37  0  0 31  0  2 31 37  0 31  0  0 20  4 10 41 37 13  0  0  0  0  0  0 41  0  0 11  0 41 31 37 31 28  0 11  0  1 41 37 37
  0 35 41 41  0 31  0  0 31 35 31 41  0 41 41  0  0  0 35  2 41  0 35  0  0  0 31  0 41 41 31  0  0 41  0 35 41 19  1  6 41 41 41 35 41  0 41 41  0 19  0  1  0  0  0  0  0  0 41  0 17 35 41  7  0 41  0  0 41  0 35 35 19  0  0  0 31  0  0 10 41  0  0  0  0 19 31  0 17 41  0  0 31  0 31 17  0  0 41  6  0  0 22 41 22 31 31 35  0 35 41  0 35  0  0  0  0  0 31  0 35 31  0  0  0
 15  0  0  0 31  0 20 39  0  0  0  0 28  0  0 39  8 31  0 22  0 31  0 32 39 15  0 15  0  0  0 32 28  0 28  0  0  0 31  0  0  0  0  0  0 39  0  0 31  0 20 15 31 39 31 31 39  7  0 32  0  0  0  0 32  0 32 22  0 39  0  0  0 15 32 28  0 28 31  0  0 28 39 28 32  0  0 39  0  0 39 32  0 39  0  0 28 28  0 31 32 28  0  0  0  0  2  0 31  0  2 28  0 31 39 32 39  2  6 28  0  0 31 32 32
  0 32 39 28  0 20  0  0 12 32 22 39  0 39 28  0  0  0 32  1 28  0 32  0  0  0 13  0 39 39 13  0  0 39  0 32 39 31  1 31 28 39 28 32 39  0 28 28  0 31  6  2  0  0  0  0  0  0 39  0 31 32 28 31  0 28  0  0 39  0 32 32 31  0  0  0  6  0  0 31 28  0  0  0  0 31 13  0 31 28  0  0 22  0 22 31  0  0 28  0  0  0 31 39 31  7 12 32  0 32 28  0 32  0  0  0  0  0 20  0 32  3  0  0  0
  0 31 25 31  0 39  0  0 39 31 39 10  0  7 31  0  0  0 31  0 31  0 31  0  0  0 39  0 25 25 39  0  0 24  0 31 25 41  0 41 31 12 31 31 12  0 31 31  0 41  1  0  0  0  0  0  0  0 24  0 41 31 31 41  0 31  0  0  2  7 31 31 41  0  0  0 39  0  0 41 31  0  0  0  1 41 39  0 41 31  0  0 39  2 39 41  0  0 31  0  0  0 41 25 41 39 39 31  0 31 31  0 31  0  0  0  0  0 39  0 31 39  0  0  0
 21  0  0  0 31  0 12 39  0  0  0  0 28  0  0 39 15 31  0 21  0 31  0 32 39  4  0  5  0  0  0 32 28  0 28  0  0  0 31  0  0  0  0  0  0 39  0  0 31  0 12 21 31 39 31 31 39 15  0 32  0  0  0  0 32  0 32 21  0 39  0  0  0  2 32 28  0 28 31  0  4 28 39 28 32  1  0 39  0  0 39 32  0 39  0  0 28 28  0 31 32 28  0  0  1  0  4  0 31  0  0 28  0 31 39 32 39 15  2 28  0  0 31 32 32
 32  0  0  0 35  0 32 31  0  0  0  0 37  0  0 31 32 35  0 32  0 35  0 19 31 32  0 32  0  0  0 24 37  1 37  0  0  0 35  0  0  0  0  0  0 31  0  0 35  0 32 32 35 31 35 35 31 32  0  2  0  0  0  0 24  0  7 32  0 31  0  0  0 32 12 37  0 37 35  0  0 37 31 37 12  0  0 31  0  0 31 16  0 31  0  0 37 37  0 35  3 37  0  0  0  0  0  0 35  0  0 37  1 35 31 24 31 32  0 37  0  0 35 16 19
 17  0  0  0 31  0 22 39  0  0  0  0 28  0  0 39 22 31  0  1  0 31  0 32 39 21  0 21  0  0  0 32 28  0 28  0  0  0 31  0  0  0  0  0  0 39  0  1 31  0 22 17 31 39 31 31 39 22  0 32  0  0  0  0 32  0 32  6  0 39  0  0  0 21 32 28  0 28 31  0  0 28 39 28 32  0  0 39  0  0 39 32  3 39  1  2 28 28  0 31 32 28  0  0  0  1  0  0 31  0  0 28  0 31 39 32 39 22  0 28  0  0 31 32 32
 39  0  0  0 41  0 39 10  0  0  0  0 31  4  0 25 39 41  0 39  0 41  0 31 25 39  1 39  1  0  0 31 31  0 31  0  0  0 41  0  0  0  0  1  0 24  0  0 41  0 39 39 41 25 41 41 12 39  0 31  0  0  0  0 31  0 31 39  5  5  0  0  0 39 31 31  0 31 41  0  0 31 25 31 31  0  0 24  0  0 12 31  0 25  1  0 31 31  0 41 31 31  0  0  0  0  0  0 41  1  0 31  0 41 12 31 24 39  0 31  0  0 41 31 31
  0 37 31 11  0 28  0  0 28 37 28 31  0 31 20  0  0  0 37  0  6  0 37  1  0  0 28  0 31 31 28  0  0 31  0 37 31 41  0 41 20 31 24 37 31  0 20  4  0 41  0  0  0  0  0  0  0  0 31  0 41 37  1 41  0 24  0  0 31  0 37 37 41  0  0  0 28  0  0 41 24  0  0  0  2 41 28  0 41 11  0  0 28  0 28 41  0  1 11  0  0  0 41 31 41 28 28 37  0 37 24  8 37  0  0  0  0  0 28  3 37 28  0  0  0
 39  0  0  0 41  0 39  7  0  0  0  4 31  0  0 25 39 41  0 39  0 41  0 31 25 39  0 39  0  0  0 31 31  0 31  0  0  0 41  0  0  0  0  0  0 24  0  0 41  0 39 39 41 25 41 41 12 39  0 31  0  0  0  0 31  0 31 39  8  9  0  0  0 39 31 31  0 31 41  0  0 31 25 31 31  0  0 24  0  0 12 31  0 25  0  0 31 31  0 41 31 31  0  0  0  0  0  0 41  0  0 31  0 41 12 31 24 39  0 31  0  0 41 31 31
 28  0  0  0 41  0 28 31  0  0  0  0 20  0  0 31 28 41  0 28  0 41  0 37 31 28  0 28  0  0  0 37  6  0 18  0  0  0 41  0  8  0  0  0  0 31  3  0 41  0 28 28 41 31 41 41 31 28  0 37  0  0  1  0 37  0 37 28  0 31  0  0  0 28 37 13  0 13 41  0  0 18 31 11 37  0  0 31  0  0 31 37  0 31  0  0 13 11  3 41 37 18  0  0  0  0  0  0 41  0  0 20  0 41 31 37 31 28  0  4  0  0 41 37 37
  0 31  3 31  0 39  0  0 39 31 39 25  0 25 31  0  0  0 31  0 31  0 31  0  0  0 39  0  6 15 39  0  0 14  0 31  2 41  0 41 31 23 31 31 23  0 31 31  0 41  0  0  0  0  0  0  0  0 14  0 41 31 31 41  0 31  0  0 25  1 31 31 41  0  0  0 39  0  0 41 31  0  0  1  0 41 39  0 41 31  0  0 39  9 39 41  0  0 31  0  0  0 41 15 41 39 39 31  0 31 31  0 31  0  0  0  0  0 39  0 31 39  0  0  0
  0 32 39 28  0  8  0  0 15 32 22 39  0 39 28  0  0  0 32  0 28  0 32  0  0  1 15  0 39 39 15  0  0 39  0 32 39 31  0 31 28 39 28 32 39  0 28 28  0 31  0  0  0  0  0  0  0  1 39  0 31 32 28 31  0 28  0  0 39  0 32 32 31  0  0  0 20  0  0 31 28  0  0  0  0 31 15  0 31 28  0  0 22  0 22 31  0  0 28  0  1  0 31 39 31 20 15 32  0 32 28  0 32  0  0  0  0  7  6  0 32 20  0  0  0
  0 35 41 41  0 31  0  0 31 35 31 41  0 41 41  0  0  0 35  0 41  8 35  0  0  0 31  0 41 41 31  0  0 41  0 35 41  8  0 19 41 41 41 35 41  0 41 41  0 20  0  0  0  0  0  5  0  0 41  0 13 35 41 19  0 41  0  0 41  0 35 35 20  0  0  0 31  0  0 19 41  0  0  0  0  7 31  0 13 41  0  0 31  0 31 13  0  0 41  0  0  0 17 41 17 31 31 35  0 35 41  0 35  2  0  0  0  1 31  0 35 31  0  0  0
 32  0  0  0 35  0 32 31  0  0  0  0 37  0  0 31 32 35  0 32  0 35  0 13 31 32  0 32  0  0  0 20 37  0 37  0  0  0 35  0  0  0  0  0  0 31  0  0 35  0 32 32 35 31 35 35 31 32  0 16  0  4  0  0 20  0 16 32  0 31 10  1  0 32 22 37  0 37 35  0  0 37 31 37 22  0  0 31  0  0 31  9  0 31  0  0 37 37  0 35 16 37  0  0  0  0  0  0 35  0  0 37  0 35 31 20 31 32  0 37  0  0 35 10 13
  0 32 39 28  2 22  1  0 21 32  1 39  0 39 28  0  0  0 32  0 28  0 32  0  0  0 17  0 39 39 17  0  1 39  0 32 39 31  0 31 28 39 28 32 39  0 28 28  0 31  0  1  0  0  0  0  0  0 39  0 31 32 28 31  0 28  0  5 39  0 32 32 31  0  0  0 22  0  0 31 28  0  0  2  0 31 17  0 31 28  0  0  2  0  2 31  0  0 28  0  0  0 31 39 31 22 21 32  0 32 28  0 32  0  0  0  0  0 22  0 32 22  0  0  0
 28  0  0  0 41  0 28 31  0  0  0  0  6  0  0 31 28 41  0 28  0 41  0 37 31 28  0 28  0  0  0 37 20  0 24  0  0  0 41  0  0  0  0  0  0 31  1  1 41  0 28 28 41 31 41 41 31 28  0 37  0  0  7  0 37  0 37 28  0 31  0  0  0 28 37 24  0 24 41  0  0 24 31 11 37  0  0 31  0  0 31 37  0 31  0  0 24 11  0 41 37 24  0  0  0  0  0  0 41  0  0  8  0 41 31 37 31 28  0 20  0  0 41 37 37
  0 35 41 41  0 31  0  0 31 35 31 41  0 41 41  0  0  8 35  0 41  0 35  0  0  0 31  0 41 41 31  0  0 41  0 35 41  4  0 19 41 41 41 35 41  0 41 41  0 20  0  0  0  0  0  6  0  0 41  0 13 35 41 19  0 41  0  0 41  0 35 35 20  0  0  0 31  0  1 19 41  0  0  0  0  1 31  0 13 41  0  0 31  0 31 13  0  0 41  0  0  0 17 41 17 31 31 35  1 35 41  0 35  0  0  0  0  0 31  0 35 31  0  0  0
 32  0  0  0 35  0 32 31  0  0  0  0 37  0  0 31 32 35  0 32  0 35  0 15 31 32  0 32  0  0  0 23 37  0 37  0  0  0 35  0  0  0  0  0  0 31  0  0 35  0 32 32 35 31 35 35 31 32  0 12  0  0  0  1 23  0 12 32  1 31  0  0  0 32  9 37  0 37 35  0  0 37 31 37 10  0  0 31  0  0 31 22  1 31  0  0 37 37  0 35 12 37  0  0  0  0  0  2 35  9  0 37  0 35 31 23 31 32  0 37  0  0 35 22 15
  0 19 31 37  0 32  0  0 32 19 32 31  1 31 37  0  0  0 13  0 37  0 15  0  0  0 32  0 31 31 32  0  0 31  0 19 31 35  0 35 37 31 37  6 31  0 37 37  0 35  0  0  0  0  0  0  0  0 31  0 35 10 37 35  0 37  0  1 31  0 13 13 35  0  0  0 32  0  0 35 37  0  0  0  0 35 32  0 35 37  0  0 32  0 32 35  0  1 37  0  0  0 35 31 35 32 32 15  0 15 37  0 19  0  0  0  0  0 32  1  2 32  0  1  4
  0 31 15 31  0 39  0  0 39 31 39 25  0 25 31  0  0  0 31  0 31  0 31  0  0  0 39  0 15  4 39  0  0 23  0 31 15 41  0 41 31 20 31 31 20  0 31 31  0 41  0  0  0  9  0  0  0  0 23  0 41 31 31 41  0 31  0  0 25  0 31 31 41  0  0  0 39  0  0 41 31  0  6  0  0 41 39  0 41 31  1  0 39  0 39 41  0  0 31  0  0  0 41  6 41 39 39 31  0 31 31  0 31  0  0  0  0  0 39  0 31 39  0  0  0
  0 32 39 28  0 15  0  0  4 32 21 39  0 39 28  0  1  0 32  0 28  0 32  0  0  0 21  6 39 39 21  0  0 39  0 32 39 31  0 31 28 39 28 32 39  0 28 28  0 31  0  0  0  0  1  0  0  0 39  0 31 32 28 31  0 28  0  0 39  0 32 32 31  2  0  0 12  0  0 31 28  0  0  0  0 31 21  0 31 28  0  0 21  0 21 31  0  0 28  0  0  0 31 39 31 12  9 32  0 32 28  0 32  0  0  0  0  0 15  0 32 12  0  0  0
  2  0  0  1 31  0 13 39  0  0  0  1 28  0  0 39 15 31  0 17  0 31  0 32 39 21  0 21  0  0  5 32 28  0 28  0  0  0 31  0  0  0  0  0  0 39  1  0 31  0 13  6 31 39 31 31 39 15  0 32  1  0  0  0 32  0 32 17  0 39  0  1  0 21 32 28  0 28 31  0  0 28 39 28 32  0  6 39  0  0 39 32  0 39  4  0 28 28  0 31 32 28  0  0  0  0  0  0 31  0  0 28  0 31 39 32 39 15  0 28  0  1 31 32 32
  0 32 39 28  0 15  0  0  5 32 21 39  0 39 28  0  0  0 32  0 28  0 32  0  0  6 21  0 39 39 21  0  0 39  0 32 39 31  0 31 28 39 28 32 39  1 28 28  0 31  0  0  0  0  0  0  0  0 39  0 31 32 28 31  0 28  0  0 39  0 32 32 31  2  0  0 12  1  0 31 28  0  0  0  0 31 21  0 31 28  0  0 21  0 21 31  0  0 28  0  0  0 31 39 31 12  7 32  0 32 28  0 32  0  0  0  0  2 15  0 32 12  0  0  0
 39  0 10  0 41  0 39 25  0  0  0  1 31  0  0  6 39 41  0 39  0 41  0 31 15 39  0 39  0  0  0 31 31  0 31  0  5  0 41  0  0  0  0  0  0 14  0  0 41  0 39 39 41 15 41 41 23 39  0 31  0  0  0  0 31  0 31 39  0 25  0  1  0 39 31 31  0 31 41  0  0 31 15 31 31  0  0 14  0  0 23 31  0  7  0  0 31 31  0 41 31 31  0  0  0  0  0  0 41  1  0 31  0 41 23 31 14 39  0 31  0  0 41 31 31
 39  0  0  0 41  0 39 25  0  0  0  0 31  0  0 15 39 41  0 39  0 41  0 31  4 39  0 39  0  0  0 31 31  0 31  0  0  0 41  0  0  0  0  0  1 23  0  0 41  0 39 39 41  5 41 41 20 39  1 31  0  0  0  0 31  1 31 39  0 25  0  0  0 39 31 31  0 31 41  0  0 31  4 31 31  0  0 23  0  0 20 31  0 15  0  0 31 31  0 41 31 31  0  4  0  0  0  0 41  0  0 31  0 41 20 31 23 39  0 31  0  0 41 31 31
  2  0  0  0 31  0 13 39  0  0  0  0 28  0  0 39 15 31  0 17  0 31  0 32 39 21  5 21  0  0  0 32 28  0 28  0  0  0 31  0  0  0  0  0  0 39  0  0 31  0 13  3 31 39 31 31 39 15  0 32  0  0  0  1 32  0 32 17  0 39  0  0  0 21 32 28  0 28 31  0  0 28 39 28 32  0 10 39  0  0 39 32  1 39  0  0 28 28  0 31 32 28  0  0  0  0  0  0 31  0  0 28  0 31 39 32 39 15  0 28  0  0 31 32 32
  0  6 31 37  0 32  0  0 32 24 32 31  0 31 37  0  0  0 20  0 37  0 23  0  0  0 32  0 31 31 32  0  0 31  0  5 31 35  0 35 37 31 37 19 31  0 37 37  0 35  0  0  0  0  0  0  0  0 31  0 35 19 37 35  1 37  1  0 31  0 20 20 35  0  0  0 32  0  0 35 37  0  0  0  0 35 32  0 35 37  0  0 32  0 32 35  0  0 37  0  0  0 35 31 35 32 32 23  0 23 37  0 24  1  0 10  0  0 32  0 19 32  0  0  0
  0 37 31 11  0 28  0  0 28 37 28 31  0 31  6  0  0  0 37  1 20  0 37  0  0  0 28  0 31 31 28  0  0 31  0 37 31 41  0 41  7 31 18 37 31  0 10 20  0 41  0  0  0  0  0  0  0  0 31  0 41 37 20 41  0 13  0  0 31  0 37 37 41  0  0  0 28  0  0 41 13  0  0  1  0 41 28  0 41 11  0  0 28  0 28 41  0  0 11  0  0  0 41 31 41 28 28 37  0 37 18  0 37  0  0  0  0  0 28  9 37 28  0  0  0
 39  2  0  0 41  0 39 24  0  1  0  0 31  0  0 14 39 41  0 39  0 41  0 31 23 39  0 39  0  0  0 31 31  0 31  0  0  0 41  0  0  4  0  0  0 10  0  0 41  0 39 39 41 23 41 41 20 39  4 31  0  0  0  0 31  0 31 39  0 24  0  0  0 39 31 31  0 31 41  0  0 31 23 31 31  0  0  5  0  0 20 31  0 14  0  0 31 31  0 41 31 31  0  1  0  0  0  0 41  0  0 31  0 41 20 31  4 39  0 31  0  0 41 31 31
  0 37 31 13  0 28  0  0 28 37 28 31  0 31 18  0  0  0 37  0 24  0 37  0  0  0 28  0 31 31 28  0  0 31  0 37 31 41  0 41 18 31  1 37 31  0 18 24  0 41  0  0  0  0  0  0  0  0 31  0 41 37 24 41  0 12  0  0 31  0 37 37 41  0  0  0 28  1  0 41 12  7  0  0  0 41 28  0 41 13  0  0 28  0 28 41  0  0 13  0  0  1 41 31 41 28 28 37  0 37  8  0 37  0  0  0  0  0 28  0 37 28  0  0  0
 32  1  0  0 35  0 32 31  0  0  0  0 37  0  0 31 32 35  0 32  0 35  0 19 31 32  0 32  0  0  0  5 37  0 37  0  0  1 35  0  0  0  0  0  0 31  0  0 35  0 32 32 35 31 35 35 31 32  0 24  0  0  0  0 10  0 24 32  0 31  0  0  0 32 23 37  0 37 35  0  0 37 31 37 23  0  0 31  0  0 31 20  0 31  0  0 37 37  0 35 24 37  0  0  0  0  0  0 35  0  0 37  0 35 31  3 31 32  0 37  0  0 35 20 19
 39  0  4  0 41  0 39 25  0  0  0  0 31  0  0  2 39 41  0 39  0 41  0 31 15 39  0 39  5  0  0 31 31  0 31  0  0  0 41  0  1  0  0  0  0 14  0  0 41  0 39 39 41 15 41 41 23 39  0 31  0  0  0  0 31  0 31 39  0 25  0  0  0 39 31 31  0 31 41  0  0 31 15 31 31  0  0 14  0  0 23 31  0  5  0  0 31 31  0 41 31 31  0  0  0  1  0  0 41  0  0 31  0 41 23 31 14 39  0 31  0  0 41 31 31
 31  0  0  0 19  0 31 41  0  0  0  0 41  0  0 41 31  8  0 31  0  4  0 35 41 31  0 31  0  0  0 35 41  0 41  1  0  0 13  0  0  0  0  0  0 41  0  0 20  1 31 31 20 41 17  3 41 31  0 35  0  0  0  0 35  0 35 31  0 41  0  0  0 31 35 41  0 41 20  0  0 41 41 41 35  4  0 41  0  0 41 35  0 41  0  0 41 41  0 19 35 41  1  0  0  0  0  0 17  0  0 41  0 17 41 35 41 31  0 41  0  0 13 35 35
  0 35 41 41  1 31  1  0 31 35 31 41  0 41 41  0  0  0 35  0 41  0 35  0  0  0 31  0 41 41 31  0  0 41  0 35 41 13  0 17 41 41 41 35 41  0 41 41  0 11  0  0  0  0  0  0  0  0 41  0  1 35 41 17  0 41  0  0 41  0 35 35 11  0  0  0 31  0  0 17 41  0  0  0  0 13 31  0  9 41  0  0 31  0 31  4  0  0 41  0  0  0 18 41 18 31 31 35  0 35 41  0 35  0  0  0  0  0 31  0 35 31  3  0  0
 31  0  0  0  6  0 31 41  0  0  0  0 41  0  0 41 31 19  0 31  0 19  0 35 41 31  0 31  0  0  0 35 41  0 41  0  0  0 17  0  0  0  0  0  0 41  0  0 19  0 31 31 19 41 22 19 41 31  0 35  2  0  0  8 35  0 35 31  0 41  0  0  0 31 35 41  0 41 19  1  0 41 41 41 35  0  0 41  0  0 41 35  0 41  0  0 41 41  0  6 35 41  0  0  0  0  0  0 22  0  0 41  0 22 41 35 41 31  0 41  0  0 17 35 35
 28  0  0  0 41  0 28 31  0  0  0  0 20  0  8 31 28 41  0 28  0 41  0 37 31 28  0 28  0  0  0 37  7  0 18  0  1  0 41  0  0  0  0  0  0 31  9  0 41  0 28 28 41 31 41 41 31 28  0 37  0  0  0  0 37  0 37 28  0 31  1  0  0 28 37 13  0 13 41  1  0 18 31 11 37  0  0 31  0  3 31 37  0 31  0  0 13 11  0 41 37 18  0  0  0  0  0  0 41  0  0 20  0 41 31 37 31 28  0  4  0  0 41 37 37
 39  0  0  0 41  0 39 12  0  0  0  0 31  0  0 23 39 41  0 39  0 41  0 31 20 39  0 39  0  0  0 31 31  4 31  0  0  0 41  0  0  0  0  0  3 20  0  0 41  0 39 39 41 20 41 41  8 39  0 31  0  0  0  0 31  0 31 39  0 12  0  0  0 39 31 31  0 31 41  0  0 31 20 31 31  0  0 20  0  0  3 31  0 23  0  0 31 31  0 41 31 31  0  2  0  0  0  0 41  0  0 31  0 41  4 31 20 39  0 31  0  0 41 31 31
 28  0  0  0 41  0 28 31  0  0  0  0 24  0  0 31 28 41  0 28  0 41  0 37 31 28  0 28  0  0  0 37 18  0  1  0  0  0 41  0  0  0  0  0  0 31  0  0 41  0 28 28 41 31 41 41 31 28  0 37  0  0  0  0 37  0 37 28  0 31  0  0  0 28 37 12  0 12 41  0  2  7 31 13 37  0  0 31  0  0 31 37  0 31  0  0 12 13  0 41 37  5  0  0  0  0  0  0 41  0 10 24  0 41 31 37 31 28  0 18  0  0 41 37 37
 32  0  0  1 35  0 32 31  0  0  0  1 37  0  0 31 32 35  0 32  0 35  0  6 31 32  0 32  0  0  0 19 37  0 37  0  0  0 35  0  0  0  0  0  0 31  0  0 35  0 32 32 35 31 35 35 31 32  0 19  0  3  0  0 19  0 19 32  0 31  0  0  0 32 15 37  0 37 35  0  0 37 31 37 15  0  0 31  0  0 31 13  0 31  1  0 37 37  0 35 19 37  0  0  0  0  0  0 35  1  0 37  0 35 31 19 31 32  0 37  4  0 35 13  5
 39  0  0  0 41  0 39 12  0  0  0  0 31  0  0 23 39 41  0 39  0 41  0 31 20 39  0 39  0  1  0 31 31  0 31  0  0  0 41  0  0  3  0  0  0 20  0  0 41  0 39 39 41 20 41 41  1 39  2 31  0  0  0  0 31  1 31 39  0 12  0  0  0 39 31 31  0 31 41  0  0 31 20 31 31  0  0 20  0  0  3 31  0 23  0  0 31 31  0 41 31 31  0  0  0  0  0  0 41  0  0 31  0 41  4 31 20 39  0 31  0  0 41 31 31
  0 31 14 31  0 39  0  0 39 31 39 24  0 24 31  0  0  0 31  0 31  0 31  0  0  0 39  1 14 23 39  0  0 10  0 31 14 41  0 41 31 20 31 31 20  0 31 31  0 41  0  0  0  0  0  0  0  0  9  0 41 31 31 41  0 31  0  0 24  0 31 31 41  0  0  0 39  0  0 41 31  0  0  0  0 41 39 10 41 31  0  0 39  0 39 41  0  0 31  0  0  0 41 23 41 39 39 31  0 31 31  0 31  0  0  0  2  0 39  0 31 39  0  0  0
 28  0  0  0 41  0 28 31  0  0  0  0 20  0  3 31 28 41  0 28  1 41  0 37 31 28  1 28  0  0  0 37 10  0 18  0  0  0 41  0  9  0  0  0  0 31  0  0 41  0 28 28 41 31 41 41 31 28  0 37  0  0  0  0 37  0 37 28  0 31  0  1  0 28 37 13  0 13 41  0  0 18 31 11 37  0  0 31  0  0 31 37  0 31  0  0 13 11  0 41 37 18  0  0  0  0  0  0 41  0  0 20  0 41 31 37 31 28  0  3  0  0 41 37 37
 28  0  0  0 41  0 28 31  0  0  1  0  4  0  0 31 28 41  0 28  1 41  0 37 31 28  0 28  0  0  0 37 20  0 24  0  0  0 41  0  0  0  0  0  0 31  0  0 41  0 28 28 41 31 41 41 31 28  0 37  0  0  7  0 37  0 37 28  0 31  1  0  0 28 37 24  0 24 41  1  0 24 31 11 37  0  1 31  0  3 31 37  0 31  0  0 24 11  0 41 37 24  0  0  0  0  0  0 41  0  0  4  0 41 31 37 31 28  0 20  0  0 41 37 37
  0 35 41 41  0 31  0  0 31 35 31 41  0 41 41  0  0  0 35  0 41  0 35  0  0  0 31  0 41 41 31  0  0 41  0 35 41 20  0 19 41 41 41 35 41  0 41 41  0  8  0  0  8  0  0  0  0  0 41  0 11 35 41 19  0 41  0  0 41  0 35 35  7  0  0  0 31  0  5 19 41  0  0  0  0 20 31  0 11 41  0  0 31  0 31 11  0  0 41  0  0  0 14 41 14 31 31 35  0 35 41  0 35  2  0  0  0  0 31  0 35 31  0  0  0
 31  0  0  0 19  0 31 41  0  0  0  0 41  0  0 41 31 20  0 31  0 20  0 35 41 31  0 31  0  0  0 35 41  0 41  0  0  1 11  0  0  0  0  0  0 41  0  0  8  0 31 31  3 41 14 20 41 31  0 35  0  0  0  0 35  0 35 31  0 41  0  0  7 31 35 41  0 41  7  0  0 41 41 41 35  0  0 41  0  0 41 35  0 41  0  0 41 41  0 19 35 41  3  0  0  0  0  0 14  0  0 41  0 14 41 35 41 31  0 41  0  0 11 35 35
  1 32 39 28  0 20  6  1 12 32 22 39  0 39 28  0  0  0 32  0 28  0 32  0  0  0 13  0 39 39 13  0  0 39  0 32 39 31  0 31 28 39 28 32 39  0 28 28  0 31  0  0  0  0  0  0  0  0 39  0 31 32 28 31  0 28  0  0 39  0 32 32 31  0  0  0  1  0  0 31 28  0  0  0  0 31 13  0 31 28  0  0 22  0 22 31  0  0 28  0  0  0 31 39 31 10 12 32  0 32 28  0 32  0  0  0  0  0 20  1 32  1  0  0  0
  3 32 39 28  1 15  2  0 21 32 17 39  0 39 28  0  0  0 32  1 28  0 32  0  0  0  6  0 39 39  3  0  0 39  0 32 39 31  0 31 28 39 28 32 39  0 28 28  0 31  0  0  0  0  0  0  0  0 39  0 31 32 28 31  0 28  0  0 39  2 32 32 31  0  0  0 13  0  0 31 28  0  0  1  0 31  1  0 31 28  0  0 17  0 17 31  0  0 28  0  0  0 31 39 31 13 21 32  0 32 28  0 32  0  0  0  0  0 15  0 32 13  0  0  0
  0 35 41 41  0 31  0  0 31 35 31 41  0 41 41  0  0  0 35  0 41  0 35  0  0  0 31  0 41 41 31  0  0 41  0 35 41 20  0 19 41 41 41 35 41  0 41 41  8  3  0  0  0  0  2  2  0  0 41  0 11 35 41 19  0 41  0  0 41  0 35 35  3  0  0  0 31  0  5 19 41  0  0  0  0 20 31  0 11 41  0  0 31  0 31 11  0  0 41  0  0  0 14 41 14 31 31 35  0 35 41  0 35  0  0  0  0  0 31  0 35 31  0  0  0
  0 31 15 31  0 39  0  0 39 31 39 25  0 25 31  0  0  0 31  0 31  0 31  0  9  0 39  0 15  5 39  0  0 23  0 31 15 41  0 41 31 20 31 31 20  0 31 31  0 41  0  0  0  0  0  0  2  1 23  0 41 31 31 41  0 31  0  0 25  0 31 31 41  0  0  0 39  0  0 41 31  0  9  0  0 41 39  0 41 31  0  0 39  0 39 41  2  0 31  0  0  0 41  7 41 39 39 31  0 31 31  0 31  0  0  0  0  0 39  0 31 39  0  0  0
  0 35 41 41  0 31  0  0 31 35 31 41  0 41 41  0  0  0 35  0 41  0 35  0  0  1 31  0 41 41 31  0  0 41  0 35 41 17  0 22 41 41 41 35 41  0 41 41  0 14  0  0  2  0  0  0  0  0 41  0 18 35 41 22  0 41  0  0 41  0 35 35 14  0  0  0 31  0  0 22 41  0  0  0  0 17 31  0 18 41  0  0 31  0 31 18  0  0 41  0  0  0  9 41  5 31 31 35  4 35 41  0 35  4  0  0  0  0 31  0 35 31  0  0  0
  0 35 41 41  0 31  0  0 31 35 31 41  0 41 41  0  0  5 35  0 41  6 35  0  0  0 31  0 41 41 31  0  0 41  0 35 41  3  0 19 41 41 41 35 41  0 41 41  0 20  0  0  2  0  0  0  0  0 41  0 13 35 41 19  0 41  0  0 41  0 35 35 20  0  0  0 31  0  0 19 41  0  0  0  0  2 31  0 13 41  0  0 31  0 31 13  0  0 41  0  0  0 17 41 17 31 31 35  0 35 41  0 35  0  0  0  0  0 31  0 35 31  0  0  0
  0 31 23 31  0 39  0  0 39 31 39 12  0 12 31  0  0  0 31  0 31  0 31  0  0  0 39  0 23 20 39  0  0 20  0 31 23 41  0 41 31  8 31 31  1  0 31 31  0 41  0  0  0  2  0  0  0  0 20  0 41 31 31 41  0 31  0  0 12  0 31 31 41  0  0  0 39  0  0 41 31  0  0  0  0 41 39  0 41 31 10  0 39  0 39 41  0  0 31  0  0  0 41 20 41 39 39 31  0 31 31  0 31  0  3  0  0  0 39  0 31 39  0  0  0
  0 32 39 28  0  7  0  0 15 32 22 39  0 39 28  0  1  0 32  0 28  0 32  0  0  0 15  0 39 39 15  0  0 39  0 32 39 31  0 31 28 39 28 32 39  0 28 28  0 31  0  0  0  1  0  0  0  0 39  0 31 32 28 31  0 28  0  0 39  0 32 32 31  1  0  0 20  0  1 31 28  0  0  0  0 31 15  0 31 28  0  0 22  0 22 31  1  0 28  0  0  0 31 39 31 20 15 32  0 32 28  0 32  0  0  0  0  2  5  0 32 20  0  0  0
 39  0  0  0 41  0 39 24  0  0  0  0 31  0  0 14 39 41  0 39  0 41  0 31 23 39  0 39  0  1  0 31 31  4 31  0  0  0 41  0  0  0  0  0  2  9  0  0 41  0 39 39 41 23 41 41 20 39  0 31  0  0  0  0 31  0 31 39  0 24  0  0  0 39 31 31  0 31 41  0  0 31 23 31 31  0  0  7  0  0 20 31  0 14  0  0 31 31  0 41 31 31  0  0  0  0  0  0 41  0  0 31  0 41 20 31  4 39  0 31  0  0 41 31 31
  0 24 31 37  0 32  0  0 32  2 32 31  0 31 37  0  0  0 16  0 37  0 12  0  0  0 32  0 31 31 32  0  0 31  0 24 31 35  0 35 37 31 37 19 31  0 37 37  0 35  0  0  0  0  0  0  0  0 31  0 35 19 37 35  0 37  7  0 31  0 16 16 35  1  0  0 32  0  0 35 37  0  0  0  0 35 32  0 35 37  0  0 32  0 32 35  0  0 37  0  7  0 35 31 35 32 32 12  1 12 37  0  4  0  0  1  0  0 32  0 19 32  0  0  0
 31  0  0  0 17  0 31 41  0  0  0  0 41  0  0 41 31 13  0 31  0 13  0 35 41 31  1 31  0  0  0 35 41  0 41  0  0  0  1  2  0  0  0  0  0 41  0  0 11  0 31 31 11 41 18 13 41 31  0 35  0  0  0  0 35  0 35 31  0 41  0  0  0 31 35 41  0 41 11  0  0 41 41 41 35  0  0 41 10  0 41 35  0 41  1  4 41 41  0 17 35 41  0  0  0  0  0  0 18  0  0 41  0 18 41 35 41 31  0 41  0  0  8 35 35
 32  0  0  0 35  0 32 31  0  0  0  0 37  0  0 31 32 35  4 32  0 35  0 10 31 32  0 32  0  0  0 19 37  0 37  0  0  0 35  0  0  0  0  3  0 31  0  0 35  0 32 32 35 31 35 35 31 32  0 19  0  0  0  0 19  0 19 32  1 31  0  0  0 32 15 37  0 37 35  0  0 37 31 37 15  0  0 31  0  0 31 13  0 31  0  0 37 37  1 35 19 37  0  0  0  0  0  0 35  0  0 37  0 35 31 19 31 32  0 37  4  0 35 13  4
 28  0  1  0 41  0 28 31  0  0  0  0  1  0  1 31 28 41  0 28  7 41  0 37 31 28  0 28  0  0  0 37 20  0 24  0  0  0 41  0  0  0  0  0  0 31  0  7 41  0 28 28 41 31 41 41 31 28  0 37  0  0  0  0 37  0 37 28  0 31  0  0  0 28 37 24  0 24 41  0  0 24 31 11 37  0  0 31  0  0 31 37  0 31  0  0 24 11  0 41 37 24  0  0  0  0  0  0 41  0  0  9  0 41 31 37 31 28  0 20  0  0 41 37 37
 31  0  0  0  7  0 31 41  0  0  0  0 41  0  0 41 31 19  0 31  0 19  1 35 41 31  0 31  0  0  1 35 41  0 41  0  0  0 17  8  0  0  0  0  0 41  0  0 19  0 31 31 19 41 22 19 41 31  0 35  0  0  0  0 35  0 35 31  0 41  0  0  0 31 35 41  1 41 19  4  0 41 41 41 35  0  0 41  1  0 41 35  0 41  0  0 41 41  0 10 35 41  0  0  0  0  0  0 22  0  0 41  0 22 41 35 41 31  0 41  0  0 17 35 35
  0 10 31 37  0 32  0  0 32 24 32 31  0 31 37  0  0  0 20  0 37  0 23  0  0  0 32  0 31 31 32  1  0 31  0 10 31 35  0 35 37 31 37 19 31  0 37 37  0 35  0  0  0  0  0  0  0  0 31  0 35 19 37 35  0 37  0  0 31  0 20 20 35  0  0  0 32  0  0 35 37  0  0  0  0 35 32  0 35 37  0  0 32  0 32 35  0  0 37  0  0  1 35 31 35 32 32 23  0 23 37  0 24  0  0  7  0  0 32  0 19 32  0  0  0
 28  0  0  0 41  0 28 31  0  0  0  0 24  0  0 31 28 41  0 28  0 41  0 37 31 28  0 28  0  1  0 37 13  0 12  0  0  0 41  0  0  0  0  0  1 31  0  0 41  0 28 28 41 31 41 41 31 28  0 37  0  0  0  0 37  0 37 28  0 31  0  0  0 28 37  2  0  7 41  0  6 12 31 20 37  0  0 31  0  0 31 37  0 31  0  0  4 20  0 41 37 12  0  0  0  0  1  0 41  0  1 24  0 41 31 37 31 28  0 13  0  0 41 37 37
  0 24 31 37  0 32  0  0 32  7 32 31  0 31 37  0  0  0 16  0 37  0 12  0  0  0 32  0 31 31 32  1  0 31  0 24 31 35  0 35 37 31 37 19 31  0 37 37  0 35  0  0  0  0  0  0  0  0 31  7 35 19 37 35  0 37  0  0 31  0 16 16 35  0  0  0 32  1  0 35 37  0  0  0  0 35 32  0 35 37  0  0 32  0 32 35  0  0 37  0  7  0 35 31 35 32 32 12  0 12 37  0  3  0  0  0  0  0 32  0 19 32  0  0  0
  0 32 39 28  0 22  0  0 21 32  6 39  0 39 28  0  0  0 32  5 28  0 32  1  0  0 17  0 39 39 17  0  0 39  0 32 39 31  0 31 28 39 28 32 39  0 28 28  0 31  0  0  0  0  0  0  0  0 39  0 31 32 28 31  0 28  0  0 39  0 32 32 31  0  0  0 22  0  0 31 28  0  0  0  0 31 17  0 31 28  0  0 10  0  5 31  0  0 28  0  0  0 31 39 31 22 21 32  0 32 28  0 32  0  0  0  0  0 22  1 32 22  0  0  0
 39  0  2  0 41  0 39  2  0  0  0  5 31  8  0 25 39 41  0 39  0 41  1 31 25 39  0 39  0  0  0 31 31  0 31  0  0  0 41  0  0  0  0  0  0 24  0  0 41  0 39 39 41 25 41 41 12 39  0 31  0  1  0  0 31  0 31 39  0  3  0  0  0 39 31 31  0 31 41  0  0 31 25 31 31  0  0 24  0  0 12 31  0 25  0  0 31 31  1 41 31 31  0  0  0  0  0  0 41  0  0 31  0 41 12 31 24 39  0 31  0  0 41 31 31
  0 31 25 31  0 39  0  7 39 31 39  5  0  9 31  1  0  0 31  0 31  0 31  0  0  0 39  0 25 25 39  0  0 24  0 31 25 41  0 41 31 12 31 31 12  0 31 31  0 41  0  2  0  0  0  0  0  0 24  0 41 31 31 41  0 31  0  0  3  0 31 31 41  0  0  0 39  0  0 41 31  0  0  1  0 41 39  0 41 31  0  0 39  0 39 41  0  0 31  0  0  0 41 25 41 39 39 31  0 31 31  1 31  0  0  0  0  0 39  0 31 39  0  0  0
 32  0  0  0 35  0 32 31  0  0  0  0 37  0  0 31 32 35 10 32  0 35  0 13 31 32  0 32  0  0  0 20 37  0 37  0  0  0 35  0  1  0  0  0  0 31  0  1 35  0 32 32 35 31 35 35 31 32  0 16  0  0  0  0 20  0 16 32  0 31  0  5  0 32 22 37  0 37 35  0  0 37 31 37 22  0  0 31  0  1 31  9  0 31  0  0 37 37  0 35 16 37  0  0  0  0  0  0 35  0  0 37  0 35 31 20 31 32  0 37  1  0 35  8 13
 32  0  0  1 35  0 32 31  0  0  0  0 37  0  0 31 32 35  1 32  0 35  0 13 31 32  1 32  1  0  0 20 37  0 37  0  0  0 35  0  0  0  0  0  0 31  1  0 35  0 32 32 35 31 35 35 31 32  0 16  0  0  0  0 20  0 16 32  0 31  5  0  0 32 22 37  0 37 35  0  0 37 31 37 22  0  0 31  0  0 31 10  0 31  0  0 37 37  0 35 16 37  0  0  0  0  0  0 35  0  0 37  0 35 31 20 31 32  0 37  0  0 35 10 13
 31  1  0  0 19  0 31 41  0  0  0  0 41  0  0 41 31 20  0 31  0 20  0 35 41 31  0 31  0  0  0 35 41  0 41  0  0  0 11  0  0  0  0  0  0 41  0  0  7  7 31 31  3 41 14 20 41 31  0 35  0  0  0  0 35  0 35 31  0 41  0  0  0 31 35 41  0 41  4  0  0 41 41 41 35  2  0 41  0  0 41 35  0 41  0  0 41 41  0 19 35 41  0  0  1  0  0  0 14  0  0 41  0 14 41 35 41 31  1 41  0  0 11 35 35
  0 32 39 28  0 15  0  0  2 32 21 39  0 39 28  0  0  0 32  0 28  0 32  0  0  2 21  2 39 39 21  0  0 39  0 32 39 31  0 31 28 39 28 32 39  0 28 28  0 31  0  0  0  0  0  0  0  1 39  1 31 32 28 31  0 28  0  0 39  0 32 32 31  0  0  0 12  0  1 31 28  0  0  0  0 31 21  0 31 28  0  0 21  0 21 31  1  0 28  0  0  0 31 39 31 12  3 32  0 32 28  0 32  0  0  1  0  0 15  0 32 12  0  0  0
  0 23 31 37  0 32  0  0 32 12 32 31  0 31 37  0  0  0 22  0 37  0  9  0  0  0 32  0 31 31 32  0  0 31  0 23 31 35  0 35 37 31 37 15 31  0 37 37  0 35  0  0  0  0  0  0  0  0 31  0 35 15 37 35  0 37  0  0 31  0 22 22 35  0  0  0 32  0  0 35 37  0  0  0  9 35 32  0 35 37  0  0 32  0 32 35  0  0 37  0  0  0 35 31 35 32 32  4  0  3 37  1 12  0  0  0  0  0 32  0 15 32  0  0  0
  0 37 31 20  0 28  0  0 28 37 28 31  0 31 13  0  0  0 37  0 24  0 37  0  0  0 28  0 31 31 28  0  0 31  0 37 31 41  0 41 13 31 12 37 31  0 13 24  0 41  0  0  0  0  0  0  0  0 31  0 41 37 24 41  0  2  0  0 31  0 37 37 41  0  0  0 28  1  0 41  5  0  2  0  0 41 28  0 41 20  0  0 28  0 28 41  5  0 20  0  0  1 41 31 41 28 28 37  0 37 12  0 37  0  0  0  1  0 28  0 37 28  0  0  0
 13  0  0  0 31  0  6 39  0  0  0  0 28  0  0 39 20 31  0 22  0 31  0 32 39 12  0 12  0  0  0 32 28  0 28  0  0  0 31  0  0  0  0  0  0 39  0  0 31  0  1 13 31 39 31 31 39 20  0 32  0  0  0  1 32  0 32 22  0 39  0  0  0 12 32 28  0 28 31  0  0 28 39 28 32  0  0 39  0  0 39 32  0 39  0  0 28 28  0 31 32 28  0  0  0  7  0  0 31  0  0 28  0 31 39 32 39 20  0 28  0  6 31 32 32
  0 37 31 20  0 28  0  0 28 37 28 31  0 31 13  0  0  0 37  0 24  0 37  0  0  0 28  1 31 31 28  0  0 31  1 37 31 41  0 41 13 31 12 37 31  0 13 24  0 41  0  0  0  0  0  0  0  0 31  0 41 37 24 41  0  7  1  0 31  0 37 37 41  0  0  1 28  0  0 41  7  0  0  0  0 41 28  0 41 20  0  0 28  0 28 41  6  0 20  0  0  0 41 31 41 28 28 37  0 37 12  0 37  0  0  0  0  0 28  0 37 28  0  0  0
  0 35 41 41  0 31  0  0 31 35 31 41  0 41 41  0  0  0 35  0 41  1 35  0  0  0 31  0 41 41 31  0  0 41  0 35 41 20  0 19 41 41 41 35 41  0 41 41  5  7  0  0  5  0  0  0  0  1 41  0 11 35 41 19  0 41  0  0 41  0 35 35  4  1  0  0 31  0  0 19 41  0  0  0  0 20 31  0 11 41  0  0 31  0 31 11  0  0 41  0  0  0 14 41 14 31 31 35  2 35 41  0 35  0  0  0  0  0 31  0 35 31  0  0  0
 31  0  0  0 10  0 31 41  0  0  0  0 41  0  0 41 31 19  0 31  0 19  0 35 41 31  0 31  0  0  0 35 41  0 41  0  0  0 17  1  1  0  0  0  0 41  0  1 19  0 31 31 19 41 22 19 41 31  0 35  0  0  0  4 35  0 35 31  0 41  0  0  0 31 35 41  0 41 19  0  0 41 41 41 35  0  0 41  0  0 41 35  0 41  0  0 41 41  0  2 35 41  0  0  0  0  0  1 22  0  0 41  0 22 41 35 41 31  0 41  0  0 17 35 35
 28  0  0  0 41  0 28 31  4  0  0  0 24  0  0 31 28 41  0 28  0 41  0 37 31 28  0 28  0  0  0 37 13  0 12  0  0  0 41  0  0  0  2  0  0 31  0  0 41  0 28 28 41 31 41 41 31 28  0 37  0  0  0  0 37  6 37 28  0 31  0  0  0 28 37  5  0  7 41  0  0 12 31 20 37  0  0 31  0  0 31 37  0 31  0  0  3 20  0 41 37 12  0  1  0  0  0  0 41  0  0 24  0 41 31 37 31 28  0 13  0  0 41 37 37
  0 37 31 13  0 28  0  0 28 37 28 31  0 31 18  0  0  0 37  0 24  0 37  0  0  0 28  0 31 31 28  0  0 31  7 37 31 41  0 41 18 31  7 37 31  0 18 24  0 41  0  0  0  0  0  0  0  0 31  0 41 37 24 41  0 12  0  0 31  0 37 37 41  0  0  0 28  0  0 41 12  0  0  0  0 41 28  0 41 13  0  0 28  0 28 41  3  0 13  0  0  7 41 31 41 28 28 37  0 37  2  0 37  0  0  0  0  0 28  0 37 28  0  0  0
  0 31 15 31  0 39  0  0 39 31 39 25  0 25 31  0  0  0 31  0 31  0 31  0  6  0 39  0 15  4 39  0  0 23  0 31 15 41  0 41 31 20 31 31 20  0 31 31  0 41  0  0  0  9  0  0  0  0 23  0 41 31 31 41  0 31  0  0 25  0 31 31 41  0  0  2 39  0  0 41 31  0  0  0  0 41 39  0 41 31  0  0 39  0 39 41  0  0 31  0  0  1 41  5 41 39 39 31  0 31 31  0 31  0  1  0  0  0 39  0 31 39  0  0  0
  0 37 31 10  0 28  0  0 28 37 28 31  0 31 11  1  0  0 37  2 11  0 37  0  0  0 28  0 31 31 28  0  1 31  0 37 31 41  0 41 11 31 13 37 31  0 11 11  0 41  0  1  0  0  0  0  0  0 31  0 41 37 11 41  0 20  0  0 31  1 37 37 41  0  0  0 28  0  0 41 20  0  0  0  0 41 28  0 41  6  0  0 28  0 28 41  0  4  6  0  0  0 41 31 41 28 28 37  0 37 13  1 37  0  0  0  0  0 28  0 37 28  0  0  0
  0 23 31 37  0 32  0  1 32 12 32 31  2 31 37  0  0  0 22  0 37  0 10  0  0  0 32  0 31 31 32  0  0 31  0 23 31 35  0 35 37 31 37 15 31  0 37 37  0 35  0  0  0  0  0  0  0  0 31  0 35 15 37 35  0 37  0  0 31  0 22 22 35  0  9  0 32  0  0 35 37  0  0  0  0 35 32  0 35 37  0  0 32  0 32 35  0  0 37  0  0  0 35 31 35 32 32  8  0 10 37  0 12  0  0  0  0  0 32  2 15 32  0  1  0
 31  0  0  0 19  0 31 41  1  0  0  0 41  0  0 41 31  7  0 31  0  1  0 35 41 31  0 31  0  0  0 35 41  0 41  0  0  4 13  0  0  0  0  0  0 41  0  0 20  0 31 31 20 41 17  2 41 31  0 35  0  0  0  0 35  0 35 31  0 41  0  0  2 31 35 41  0 41 20  0  0 41 41 41 35  0  0 41  0  0 41 35  0 41  0  0 41 41  0 19 35 41  0  0  0  0  0  0 17  0  0 41  0 17 41 35 41 31  1 41  0  0 13 35 35
  5  0  0  0 31  0 13 39  0  0  0  0 28  0  0 39 15 31  0 17  0 31  0 32 39 21  6 21  0  0 10 32 28  0 28  0  0  0 31  0  0  0  0  0  0 39  0  1 31  0 13  1 31 39 31 31 39 15  0 32  0  0  0  0 32  0 32 17  0 39  0  0  0 21 32 28  0 28 31  0  0 28 39 28 32  0  0 39  0  0 39 32  0 39  0  0 28 28  0 31 32 28  0  0  0  4  0  0 31  0  0 28  0 31 39 32 39 15  0 28  0  0 31 32 32
  0 31 14 31  0 39  0  0 39 31 39 24  0 24 31  0  0  0 31  0 31  0 31  0  0  0 39  0 14 23 39  0  0  5  0 31 14 41  0 41 31 20 31 31 20 10 31 31  0 41  0  0  0  0  0  0  0  0  7  0 41 31 31 41  0 31  0  0 24  0 31 31 41  0  0  0 39  0  0 41 31  0  0  0  0 41 39  0 41 31  0  0 39  0 39 41  0  0 31  0  0  0 41 23 41 39 39 31  0 31 31  0 31  0  0  1  7  0 39  0 31 39  0  0  0
 31  0  0  0 17  0 31 41  0  0  0  0 41  0  0 41 31 13  0 31  0 13  0 35 41 31  0 31  0  0  0 35 41  0 41  0  0  0  9  0  0  0  0  0  0 41  0  0 11  0 31 31 11 41 18 13 41 31  0 35 10  0  0  1 35  0 35 31  0 41  0  0  0 31 35 41  0 41 11  0  0 41 41 41 35  0  0 41  0  0 41 35  0 41  0  1 41 41  0 17 35 41  0  0  0  0  0  0 18  0  0 41  0 18 41 35 41 31  0 41  0  0  4 35 35
 28  0  0  2 41  0 28 31  0  0  0  0 11  0  0 31 28 41  0 28  0 41  0 37 31 28  0 28  0  0  0 37 11  0 13  0  0  0 41  0  3  0  0  0  0 31  0  3 41  0 28 28 41 31 41 41 31 28  0 37  0  0  0  0 37  0 37 28  0 31  1  0  0 28 37 20  0 20 41  0  0 13 31  6 37  0  0 31  0  0 31 37  0 31  0  0 20  6  2 41 37 13  0  0  0  0  0  0 41  0  0 11  0 41 31 37 31 28  0 11  0  0 41 37 37
  0 31 23 31  0 39  0  0 39 31 39 12  0 12 31  0  0  0 31  0 31  0 31  0  1  0 39  0 23 20 39  0  0 20  0 31 23 41  0 41 31  3 31 31  3  0 31 31  0 41  0  0  0  0  0  0 10  0 20  0 41 31 31 41  0 31  0  0 12  0 31 31 41  0  0  0 39  0  0 41 31  0  0  0  0 41 39  0 41 31  0  0 39  0 39 41  0  0 31  0  0  0 41 20 41 39 39 31  0 31 31  0 31  0  1  0  0  0 39  0 31 39  0  0  0
  0 20 31 37  0 32  0  0 32 16 32 31  0 31 37  0  0  0  9  0 37  0 22  0  0  0 32  0 31 31 32  0  0 31  0 20 31 35  0 35 37 31 37 13 31  0 37 37  0 35  0  0  0  0  0  0  0  0 31  0 35 13 37 35  0 37  0  0 31  0  9 10 35  0  0  0 32  0  0 35 37  0  0  0  0 35 32  0 35 37  0  0 32  0 32 35  0  0 37  0  0  0 35 31 35 32 32 22  0 22 37  0 16  0  0  0  0  0 32  0 13 32  0  7  3
 17  0  0  0 31  0 22 39  0  0  3  0 28  0  0 39 22 31  0  2  0 31  1 32 39 21  0 21  0  0  1 32 28  0 28  0  0  0 31  0  0  0  0  0  0 39  0  0 31  0 22 17 31 39 31 31 39 22  0 32  0  0  0  0 32  0 32 10  0 39  0  0  0 21 32 28  0 28 31  0  0 28 39 28 32  0  0 39  0  0 39 32  0 39  1  0 28 28  0 31 32 28  0  0  0  0  0  0 31  0  0 28  0 31 39 32 39 22  0 28  0  0 31 32 32
  0 31  9 31  0 39  0  2 39 31 39 25  0 25 31  9  0  0 31  0 31  0 31  0  0  0 39  0  7 15 39  0  0 14  0 31  5 41  0 41 31 23 31 31 23  0 31 31  0 41  0  0  0  0  0  0  0  0 14  0 41 31 31 41  0 31  0  0 25  0 31 31 41  0  0  0 39  0  0 41 31  0  0  0  0 41 39  0 41 31  0  0 39  0 39 41  0  0 31  0  0  0 41 15 41 39 39 31  0 31 31  0 31  0  0  0  0  0 39  0 31 39  0  0  0
 17  0  0  0 31  0 22 39  0  0  1  1 28  0  0 39 22 31  0  2  0 31  0 32 39 21  4 21  0  0  0 32 28  0 28  0  0  0 31  0  0  0  0  1  0 39  0  0 31  0 22 17 31 39 31 31 39 22  0 32  1  0  0  0 32  0 32  5  0 39  0  0  0 21 32 28  0 28 31  0  0 28 39 28 32  0  0 39  0  0 39 32  1 39  0  0 28 28  0 31 32 28  0  0  0  0  0  0 31  0  0 28  0 31 39 32 39 22  0 28  0  0 31 32 32
 31  0  0  0 17  0 31 41  0  0  2  0 41  0  0 41 31 13  0 31  0 13  0 35 41 31  0 31  0  0  0 35 41  0 41  0  0  0  4  0  0  0  0  0  0 41  0  0 11  0 31 31 11 41 18 13 41 31  0 35  4  0  0  0 35  0 35 31  0 41  0  0  0 31 35 41  0 41 11  0  0 41 41 41 35  0  0 41  1  0 41 35  0 41  0  0 41 41  0 17 35 41  0  0  0  0  0  0 18  0  0 41  0 18 41 35 41 31  0 41  1  0 10 35 35
  0 37 31 20  0 28  0  0 28 37 28 31  0 31 13  0  0  0 37  0 24  0 37  0  0  0 28  0 31 31 28  0  0 31  0 37 31 41  0 41 13 31 12 37 31  0 13 24  0 41  0  0  0  2  0  0  0  1 31  0 41 37 24 41  0  4  0  0 31  0 37 37 41  1  0  5 28  6  0 41  3  3  0  0  0 41 28  0 41 20  0  0 28  0 28 41  0  0 20  0  0  0 41 31 41 28 28 37  0 37 12  0 37  0  0  1  0  0 28  0 37 28  0  0  0
  1 37 31  4  0 28  0  0 28 37 28 31  1 31 11  0  0  0 37  0 11  0 37  1  0  0 28  0 31 31 28  0  0 31  0 37 31 41  0 41 11 31 13 37 31  0 11 11  0 41  0  0  0  0  0  0  0  0 31  0 41 37 11 41  0 20  0  0 31  0 37 37 41  0  0  0 28  0  0 41 20  0  0  4  0 41 28  0 41  6  0  0 28  0 28 41  0  0  8  0  0  0 41 31 41 28 28 37  0 37 13  0 37  0  0  0  0  0 28  0 37 28  0  0  0
 28  0  0 10 41  0 28 31  0  0  0  0 11  0  3 31 28 41  0 28  0 41  0 37 31 28  0 28  0  0  0 37 11  0 13  0  0  0 41  0  0  0  0  0  0 31  0  0 41  0 28 28 41 31 41 41 31 28  0 37  0  1  0  0 37  0 37 28  1 31  0  0  0 28 37 20  0 20 41  0  0 13 31  6 37  0  0 31  0  2 31 37  0 31  0  0 20  8  0 41 37 13  0  0  0  0  0  0 41  0  0 11  0 41 31 37 31 28  0 11  0  0 41 37 37
  2 35 41 41  6 31  0  0 31 35 31 41  0 41 41  0  0  0 35  0 41  0 35  0  0  0 31  0 41 41 31  0  0 41  0 35 41 19  0  6 41 41 41 35 41  0 41 41  0 19  0  0  0  0  0  0  0  0 41  0 17 35 41 10  0 41  0  0 41  0 35 35 19  0  0  0 31  0  0  2 41  0  0  0  0 19 31  0 17 41  0  0 31  0 31 17  0  0 41  0  0  0 22 41 22 31 31 35  0 35 41  0 35  0  0  0  0  0 31  0 35 31  2  0  0
  0 24 31 37  0 32  0  0 32  3 32 31  0 31 37  0  1  0 16  0 37  0 12  0  0  0 32  0 31 31 32  0  0 31  0 24 31 35  0 35 37 31 37 19 31  0 37 37  0 35  0  0  0  0  0  0  0  0 31  7 35 19 37 35  0 37  7  0 31  0 16 16 35  0  0  0 32  0  0 35 37  0  0  0  0 35 32  0 35 37  0  0 32  0 32 35  0  0 37  0  0  0 35 31 35 32 32 12  0 12 37  0  2  0  0  0  0  0 32  0 19 32  0  0  0
  0 37 31 13  0 28  0  0 28 37 28 31  0 31 18  0  0  0 37  0 24  0 37  0  0  0 28  0 31 31 28  0  0 31  1 37 31 41  0 41 18 31  5 37 31  0 18 24  0 41  0  0  0  0  0  0  0  0 31  0 41 37 24 41  1 12  0  0 31  0 37 37 41  0  0  1 28  0  0 41 12  7  1  0  0 41 28  0 41 13  0  0 28  0 28 41  0  0 13  0  0  0 41 31 41 28 28 37  0 37  3  0 37  0  1  0  0  0 28  0 37 28  0  0  0
 31  0  0  0 22  0 31 41  0  0  0  0 41  0  0 41 31 17  0 31  0 17  0 35 41 31  0 31  0  0  0 35 41  0 41  0  0  1 18  0  0  0  0  0  0 41  0  0 14  3 31 31 14 41  9 17 41 31  0 35  0  0  0  0 35  0 35 31  0 41  0  0  0 31 35 41  0 41 14  0  0 41 41 41 35  0  0 41  0  0 41 35  0 41  0  0 41 41  0 22 35 41  0  0  2  0  0  0  1  0  0 41  0  5 41 35 41 31  0 41  0  0 18 35 35
 39  0  0  0 41  0 39 25  0  0  0  0 31  0  0 15 39 41  0 39  0 41  0 31  6 39  0 39  0  4  0 31 31  1 31  0  0  0 41  0  0  2  0  0  0 23  0  0 41  0 39 39 41  7 41 41 20 39  0 31  0  0  0  0 31  0 31 39  0 25  0  0  0 39 31 31  0 31 41  0  1 31  5 31 31  0  0 23  0  0 20 31  0 15  0  0 31 31  0 41 31 31  0  0  1  0  0  0 41  0  0 31  0 41 20 31 23 39  0 31  0  0 41 31 31
 31  0  0  0 22  0 31 41  1  0  0  0 41  0  0 41 31 17  0 31  0 17  0 35 41 31  0 31  0  0  0 35 41  0 41  0  0  0 18  0  0  0  0  0  0 41  0  0 14  0 31 31 14 41  5 17 41 31  0 35  0  0  0  0 35  0 35 31  0 41  0  0  1 31 35 41  0 41 14  0  0 41 41 41 35  0  0 41  0  0 41 35  0 41  0  0 41 41  0 22 35 41  2  1  0  0  0  0  8  0  0 41  0  3 41 35 41 31  0 41  0  0 18 35 35
 13  0  0  0 31  0  7 39  0  0  1  0 28  0  0 39 20 31  0 22  0 31  0 32 39 12  0 12  0  0  0 32 28  0 28  0  1  0 31  0  0  0  0  0  0 39  0  0 31  0 10 13 31 39 31 31 39 20  0 32  0  0  0  0 32  0 32 22  0 39  0  0  0 12 32 28  7 28 31  0  0 28 39 28 32  0  4 39  0  0 39 32  0 39  0  0 28 28  0 31 32 28  0  0  0  0  0  0 31  0  0 28  0 31 39 32 39 20  0 28  0  6 31 32 32
 21  0  0  0 31  2 12 39  4  0  0  0 28  0  0 39 15 31  0 21  0 31  0 32 39  9  0  7  0  0  0 32 28  0 28  0  0  0 31  0  0  0  0  0  0 39  0  0 31  0 12 21 31 39 31 31 39 15  0 32  0  0  0  0 32  1 32 21  0 39  0  0  0  3 32 28  0 28 31  0  0 28 39 28 32  0  0 39  0  0 39 32  0 39  0  0 28 28  0 31 32 28  0  0  0  0  0  0 31  0  0 28  0 31 39 32 39 15  0 28  0  0 31 32 32
 32  0  0  0 35  0 32 31  0  0  0  0 37  0  0 31 32 35  0 32  0 35  2 15 31 32  0 32  0  0  0 23 37  0 37  0  0  0 35  0  0  0  0  0  0 31  0  0 35  0 32 32 35 31 35 35 31 32  0 12  0  0  0  0 23  0 12 32  0 31  0  0  0 32  4 37  0 37 35  1  0 37 31 37  8  0  0 31  0  0 31 22  0 31  0  0 37 37  0 35 12 37  0  0  0  0  0  0 35  7  0 37  0 35 31 23 31 32  0 37  0  0 35 22 15
  0 35 41 41  0 31  0  0 31 35 31 41  0 41 41  0  0  0 35  0 41  1 35  0  0  0 31  0 41 41 31  0  0 41  0 35 41 17  0 22 41 41 41 35 41  0 41 41  0 14  0  0  0  0  4  0  0  0 41  1 18 35 41 22  0 41  0  0 41  0 35 35 14  0  0  0 31  0  2 22 41  0  0  0  0 17 31  0 18 41  0  0 31  0 31 18  0  0 41  0  0  0  1 41  8 31 31 35  0 35 41  0 35  8  0  0  0  0 31  0 35 31  0  0  0
 32  0  0  0 35  0 32 31  0  0  0  1 37  0  0 31 32 35  0 32  0 35  9 15 31 32  0 32  1  0  0 23 37  0 37  0  0  0 35  0  0  0  0  1  0 31  0  0 35  0 32 32 35 31 35 35 31 32  0 12  0  0  0  0 23  0 12 32  0 31  0  0  0 32  3 37  0 37 35  0  0 37 31 37 10  0  0 31  0  0 31 22  0 31  0  0 37 37  0 35 12 37  0  0  0  0  0  7 35  0  0 37  0 35 31 23 31 32  0 37  0  0 35 22 15
 28  0  0  0 41  2 28 31  0  0  0  0 24  0  0 31 28 41  0 28  0 41  0 37 31 28  0 28  0  0  0 37 18  0  8  0  0  0 41  0  0  0 10  0  0 31  0  0 41  0 28 28 41 31 41 41 31 28  0 37  0  0  0  0 37  1 37 28  0 31  0  0  0 28 37 12  0 12 41  0  0  2 31 13 37  0  0 31  0  0 31 37  0 31  0  0 12 13  0 41 37  3  0  0  0  0  0  0 41  0  0 24  1 41 31 37 31 28  0 18  0  0 41 37 37
  0 37 31 11  0 28  0  0 28 37 28 31  8 31 20  0  0  0 37  0  8  0 37  0  0  0 28  0 31 31 28  0  0 31  0 37 31 41  0 41 20 31 24 37 31  0 20  4  0 41  0  0  0  0  0  0  0  0 31  0 41 37  9 41  0 24  0  0 31  1 37 37 41  0  1  0 28  0  0 41 24  0  0  1  0 41 28  0 41 11  0  0 28  0 28 41  0  0 11  0  0  0 41 31 41 28 28 37  0 37 24  0 37  0  0  0  0  0 28  0 37 28  0  0  0
 32  0  0  0 35  0 32 31  0  1  0  0 37  0  0 31 32 35  0 32  0 35  0 19 31 32  0 32  0  0  0 24 37  0 37  0  0  0 35  0  0  0  0  0  0 31  0  0 35  0 32 32 35 31 35 35 31 32  0  4  0  0  0  0 24  0  3 32  0 31  0  0  0 32 12 37  0 37 35  0  0 37 31 37 12  0  0 31  0  0 31 16  0 31  0  0 37 37  0 35  2 37  0  0  0  0  0  0 35  0  1 37  0 35 31 24 31 32  0 37  0  0 35 16 19
  0 35 41 41  0 31  0  0 31 35 31 41  0 41 41  0  0  2 35  0 41  0 35  0  0  0 31  0 41 41 31  1  0 41  0 35 41 17  0 22 41 41 41 35 41  0 41 41  2 14  0  0  0  0  4  0  0  0 41  0 18 35 41 22  0 41  0  0 41  0 35 35 14  0  0  0 31  0  0 22 41  0  0  0  0 17 31  0 18 41  0  0 31  0 31 18  0  0 41  0  0  0  5 41  3 31 31 35  8 35 41  0 35  0  0  0  0  0 31  0 35 31  0  0  0
  0 31 23 31  0 39  0  0 39 31 39 12  0 12 31  0  0  0 31  0 31  0 31  0  0  0 39  0 23 20 39  0  0 20  0 31 23 41  0 41 31  4 31 31  4  0 31 31  0 41  0  0  0  0  0  0  3  0 20  0 41 31 31 41  0 31  0  0 12  0 31 31 41  0  0  0 39  0  0 41 31  0  1  0  0 41 39  0 41 31  1  0 39  0 39 41  0  0 31  0  0  1 41 20 41 39 39 31  0 31 31  0 31  0  0  0  1  0 39  0 31 39  0  0  0
  0  2 31 37  0 32  0  0 32 24 32 31  0 31 37  0  0  0 20  0 37  0 23  0  0  0 32  0 31 31 32 10  0 31  0  3 31 35  0 35 37 31 37 19 31  0 37 37  0 35  0  0  0  0  0  0  0  0 31  1 35 19 37 35  7 37  0  0 31  0 20 20 35  1  0  0 32  0  0 35 37  0  0  0  0 35 32  1 35 37  0  0 32  0 32 35  1  0 37  0  0  0 35 31 35 32 32 23  0 23 37  0 24  0  0  0  0  0 32  0 19 32  0  0  0
  0 31 14 31  0 39  0  0 39 31 39 24  0 24 31  0  0  0 31  0 31  0 31  0  0  0 39  0 14 23 39  0  0  4  0 31 14 41  0 41 31 20 31 31 20  2 31 31  0 41  0  0  0  0  0  0  0  0  4  0 41 31 31 41  0 31  0  0 24  0 31 31 41  0  0  1 39  0  0 41 31  0  0  0  0 41 39  7 41 31  0  0 39  0 39 41  0  0 31  0  0  0 41 23 41 39 39 31  0 31 31  0 31  0  1  0  0  0 39  0 31 39  0  0  0
  0 32 39 28  0  2  0  0 15 32 22 39  0 39 28  0  7  1 32  0 28  0 32  0  0  0 15  2 39 39 15  0  0 39  0 32 39 31  0 31 28 39 28 32 39  0 28 28  0 31  0  0  0  0  0  0  0  2 39  0 31 32 28 31  0 28  0  0 39  0 32 32 31  0  0  0 20  0  0 31 28  0  0  0  0 31 15  0 31 28  0  0 22  0 22 31  0  0 28  0  0  0 31 39 31 20 15 32  0 32 28  0 32  0  0  0  0  0  3  0 32 20  0  0  0
 15  0  0  0 31  6 20 39  2  0  0  0 28  0  0 39  6 31  0 22  0 31  0 32 39 15  0 15  0  0  0 32 28  0 28  0  0  0 31  0  0  0  0  0  0 39  0  0 31  0 20 15 31 39 31 31 39  5  0 32  0  0  0  0 32  0 32 22  0 39  0  0  1 15 32 28  0 28 31  0  0 28 39 28 32  1  0 39  0  0 39 32  0 39  0  0 28 28  0 31 32 28  0  0  0  0  0  0 31  0  0 28  0 31 39 32 39  3  0 28  0  0 31 32 32
  1 37 31 11  0 28  0  0 28 37 28 31  3 31  4  0  0  0 37  0 20  0 37  1  0  0 28  0 31 31 28  0  9 31  0 37 31 41  0 41  4 31 18 37 31  0  3 20  0 41  1  0  0  0  0  0  0  0 31  0 41 37 20 41  0 13  0  1 31  0 37 37 41  0  0  0 28  0  0 41 13  0  0  0  2 41 28  0 41 11  0  0 28  0 28 41  0  0 11  0  0  0 41 31 41 28 28 37  0 37 18  0 37  0  0  0  0  0 28  0 37 28  0  0  0
 32  0  0  0 35  0 32 31  0  0  0  0 37  0  0 31 32 35  0 32  0 35  0  2 31 32  0 32  0  0  0 19 37  0 37  0  0  0 35  0  0  0  0  4  0 31  0  0 35  0 32 32 35 31 35 35 31 32  0 19  0  4  0  0 19  0 19 32  0 31  1  0  0 32 15 37  0 37 35  0  0 37 31 37 15  0  0 31  0  0 31 13  0 31  0  1 37 37  0 35 19 37  0  0  0  0  0  0 35  0  0 37  0 35 31 19 31 32  0 37  0  0 35 13  8
 13  0  0  1 31  0  3 39  0  0  0  0 28  0  0 39 20 31  0 22  0 31  0 32 39 12  1 12  0  0  0 32 28  0 28  0  0  0 31  0  0  0  0  0  0 39  0  0 31  0  1 13 31 39 31 31 39 20  0 32  0  0  0  0 32  0 32 22  0 39  0  0  0 12 32 28  6 28 31  0  0 28 39 28 32  0  0 39  0  0 39 32  0 39  0  0 28 28  0 31 32 28  0  0  0  6  0  0 31  0  0 28  0 31 39 32 39 20  0 28  0  0 31 32 32
  0 35 41 41  0 31  0  0 31 35 31 41  0 41 41  0  0  0 35  0 41  0 35  0  0  0 31  0 41 41 31  0  0 41  0 35 41 13  3 17 41 41 41 35 41  0 41 41  0 11  0  0  0  0  0  0  0  0 41  0  8 35 41 17  0 41  0  0 41  0 35 35 11  0  0  0 31  0  0 17 41  0  0  0  0 13 31  0  4 41  0  0 31  0 31 10  0  0 41  2  0  0 18 41 18 31 31 35  0 35 41  0 35  0  0  0  0  0 31  0 35 31  0  0  0
  0 20 31 37  0 32  0  0 32 16 32 31  0 31 37  0  0  0 10  0 37  0 22  1  0  0 32  0 31 31 32  0  0 31  0 20 31 35  0 35 37 31 37 13 31  0 37 37  0 35  0  0  0  0  0  0  0  0 31  0 35 13 37 35  0 37  0  0 31  0  8 10 35  0  0  0 32  0  0 35 37  0  0  0  1 35 32  0 35 37  0  7 32  0 32 35  0  0 37  0  0  0 35 31 35 32 32 22  0 22 37  0 16  0  0  0  0  0 32  0 13 32  0  0  0
  0 19 31 37  0 32  0  0 32 19 32 31  0 31 37  0  0  0 13  0 37  0 15  4  0  0 32  0 31 31 32  0  0 31  0 19 31 35  0 35 37 31 37  5 31  0 37 37  0 35  0  0  0  0  0  0  0  0 31  0 35  4 37 35  0 37  0  0 31  0 13 13 35  0  0  0 32  0  0 35 37  0  0  0  0 35 32  0 35 37  0  3 32  0 32 35  0  0 37  0  0  0 35 31 35 32 32 15  0 15 37  0 19  0  0  0  0  0 32  0  8 32  0  0  0

  0  0  0  0 31 31  1  0  0 41 31  0 31  0  0 31  0  0 31  0  0 23  0 41  0 41 41 31 31  1 39 31  1 41 39 23 31  0 31  0  0  2  0  0  0  0 31  1  0  0 39 39 31  0  0  0 39 39  0  0  2  0  0 20 31 39  0  0  0  0  0  0 41 39  0  0  0  0 31  0  0 41 23  0 31  0 41  0  0 41  5 31  0  0  0 31 25  0 39 15  0 15 31 41  0 31 20 31 31 41 39 41  0 41 39 39  0 25  0  0 20  0 31  4 31
  0  0 15 39  0  0 32 32 39  0  0 28  0 39 22  0 28 28  0 32 32  0 32  0 31  0  0  0  0 28  1  0 39  0  0  0  0 15  0 22 28 39 32 32 15 31  0  0 31 20  0  0  0 28 31 31  0  1 39 32  0 28 28  0  0  0 32 31 28 39 31 31  0  5 20  4 32 32  0 22 15  0  0 32  0 31  0 31 28  0 39  0 31 39 28  0  0 28  0  0 20  0  0  0 28  0  0  0  0  0  8  0 15  0  0  9 32  0 39 39  0 31  0 39  0
  0 15  0 39  0  0 32 32 39  0  0 28  0 39 17  0 28 28  0 32 32  0 32  0 31  0  0  0  0 28  0  0 39  0  0  0  0  1  0 17 28 39 32 32  3 31  0  0 31 13  0  8  2 28 31 31  0  0 39 32  0 28 28  0  0  0 32 31 28 39 31 31  0  0 13 15 32 32  0 17 21  0  0 32  0 31  1 31 28  0 39  2 31 39 28  0  0 28 10  0 13  0  0  0 28  0  0  0  0  0  0  0 21  0  0  0 32  0 39 39  0 31  0 39  0
  0 39 39  0  0  0 31 31 14  0  0 31  0 23 39  0 31 31  0 31 31  0 31  0 41  0  0  0  0 31  0  0 25  0  0  1  0 39  0 39 31  1 31 31 39 41  0  0 41 39  0  0  0 31 41 41  0  0  4 31  1 31 31  0  0  0 31 41 31 23 41 41  0  0 39 39 31 31  0 39 39  0  0 31  0 41  0 41 31  0 15  0 41 14 31  0  0 31  0  2 39  9  0  0 31  0  0  0  0  0  1  0 39  0  0  0 31  0 25 25  1 41  0 15  0
 31  0  0  0  0 16  1  0  0 35 20  0 13  0  0 20  0  0 16  0  0 31  0 35  0 35 35 16 37  0 32 37  0 35 32 31 37  0 37  0  0  0  8  0  0  0 37 31  0  0 32 32 37  0  0  0 32 32  0  0 31  1  0 31 20 32  0  0  0  0  0  0 35 32  0  0  1  0 37  0  0 35 31  0  3  0 35  0  0 35  0 37  0  0  0 22 31  0 32 31  0 31 37 35  0 22 31 13 37 35 32 35  0 35 32 32  0 31  0  0 31  0 37  0 37
 31  0  0  0 16  0  0  0  0 35 24  0 19  0  0 24  0  1  7  0  0 31  0 35  0 35 35  2 37  0 32 37  0 35 32 31 37  0 37  0  0  0  0  6  0  0 37 31  0  0 32 32 37  0  0  0 32 32  0  2 31  0  0 31 24 32  0  0  0  0  0  0 35 32  0  0  1  5 37  0  0 35 31  0 16  0 35  0  0 35  0 37  0  0  0 12 31  0 32 31  0 31 37 35  0 12 31 19 37 35 32 35  0 35 32 32  0 31  0  0 31  0 37  0 37
  1 32 32 31  1  0  0 13 31  0  0 37  0 31 32  0 37 37  0 13 22  0 13  0 35  0  0  0  0 37  0  0 31  0  0  0  0 32  1 32 37 31 10 16 32 35  0  0 35 32  0  0  0 37 35 35  0  0 31 22  0 37 37  0  1  0 22 35 37 31 35 35  0  0 32 32  4 16  0 32 32  0  0 20  4 35  0 35 37  0 31  0 35 31 37  0  0 37  0  0 32  0  0  0 37  0  1  0  0  0  0  2 32  0  0  0 20  0 31 31  0 35  0 31  0
  0 32 32 31  0  0 13  0 31  0  0 37  3 31 32  0 37 37  0 10 15  0  9  0 35  0  0  0  0 37  0  0 31  0  0  0  0 32  0 32 37 31 13 19 32 35  0  0 35 32  0  0  0 37 35 35  0  0 31 15  0 37 37  0  2  0 15 35 37 31 35 35  1  0 32 32 13 19  0 32 32  0  0 19  0 35  0 35 37  0 31  0 35 31 37  0  0 37  0  0 32  0  0  0 37  0  1  4  0  0  0  0 32  0  0  0 19  0 31 31  0 35  0 31  0
  0 39 39 14  0  0 31 31  0  0  0 31  0 20 39  0 31 31  0 31 31  4 31  0 41  0  0  0  0 31  0  0 24  0  0  3  0 39  0 39 31 14 31 31 39 41  0  0 41 39  0  0  0 31 41 41  0  0 14 31  0 31 31  0  0  0 31 41 31 20 41 41  0  0 39 39 31 31  0 39 39  0  2 31  0 41  0 41 31  0 23  0 41  6 31  0  0 31  0  0 39  4  0  0 31  0  0  1  0  0  0  0 39  0  0  0 31  0 24 24  0 41  0 23  0
 41  0  0  0 35 35  0  0  0  0 35  0 35  0  0 35  0  0 35  0  0 41  0  5  0 17 14 35 41  0 31 41  0 18 31 41 41  0 41  0  0  0  0  0  0  0 41 41  0  0 31 31 41  0  0  0 31 31  0  0 41  0  0 41 35 31  0  0  0  0  1  9 14 31  0  0  0  0 41  0  0 17 41  0 35  0  8  0  0 22  0 41  0  0  0 35 41  0 31 41  0 41 41 14  0 35 41 35 41 18 31 17  0 22 31 31  0 41  0  0 41  0 41  0 41
 31  0  0  0 20 24  0  0  0 35  0  0 19  0  0  8  0  0 24  0  0 31  0 35  0 35 35 24 37  0 32 37  0 35 32 31 37  0 37  0  0  0  1  0  0  0 37 31  0  0 32 32 37  0  0  0 32 32  0  0 31  0  0 31  5 32  0  0  0  0  0  0 35 32  0  0  0  0 37  0  0 35 31  7 20  0 35  0  0 35  0 37  0  0  1 23 31  0 32 31  0 31 37 35  0 23 31 19 37 35 32 35  0 35 32 32  5 31  0  0 31  0 37  0 37
  0 28 28 31  0  0 37 37 31  0  0  0  1 31 28  0 12 13  0 37 37  0 37  0 41  0  0  0  0 18  1  1 31  0  0  0 10 28  4 28 18 31 37 37 28 41  1  0 41 28  0  0  0 24 41 41  0  1 31 37  0  3 24  0  0  0 37 41 18 31 41 41  0  0 28 28 37 37  0 28 28  0  0 37  0 41  0 41 12  0 31  9 41 31 24  0  0 13  0  0 28  0  0  0 13  0  0  0  1  0  0  0 28  0  0  0 37  0 31 31  0 41  0 31  0
 31  0  0  0 13 19  0  3  0 35 19  1  0  0  0 19  0  0 19  1  0 31  7 35  0 35 35 19 37  0 32 37  0 35 32 31 37  0 37  0  0  0  0  0  0  0 37 31  0  0 32 32 37  0  0  0 32 32  0  0 31  0  0 31 19 32  0  0  0  0  0  0 35 32  0  0  0  1 37  0  1 35 31  0 13  0 35  0  0 35  0 37  0  0  0 15 31  0 32 31  0 31 37 35  0 15 31  7 37 35 32 35  0 35 32 32  0 31  0  0 31  0 37  0 37
  0 39 39 23  0  0 31 31 20  0  0 31  0  0 39  0 31 31  0 31 31  0 31  0 41  0  0  0  0 31  0  0 12  0  0  0  0 39  0 39 31 23 31 31 39 41  0  0 41 39  0  0  0 31 41 41  0  0 23 31  0 31 31  7  0  0 31 41 31  4 41 41  0  0 39 39 31 31  0 39 39  0  0 31  0 41  0 41 31  0 20  0 41 20 31  0  0 31  0  0 39  0  0  0 31  0  9  1  0  0  0  0 39  0  0  0 31  2 12 12  4 41  1 20  0
  0 22 17 39  0  0 32 32 39  0  0 28  0 39  0  0 28 28  0 32 32  0 32  0 31  0  0  0  0 28  0  0 39  0  9  0  0 17  0  5 28 39 32 32 17 31  0  0 31 22  0  0  0 28 31 31  1  6 39 32  0 28 28  0  0  0 32 31 28 39 31 31  0  0 22 22 32 32  0 10 21  1  0 32  0 31  0 31 28  0 39  0 31 39 28  0  0 28  0  0 22  0  0  1 28  0  0  0  0  0  0  0 21  0  0  0 32  0 39 39  0 31  0 39  0
 31  0  0  0 20 24  0  0  0 35  8  0 19  0  0  0  0  0 24  0  0 31  1 35  0 35 35 24 37  0 32 37  0 35 32 31 37  0 37  0  0  0  0  0  0  0 37 31  0  0 32 32 37  0  0  0 32 32  0  0 31  0  0 31  2 32  0  0  0  0  0  0 35 32  0  0  4  0 37  0  0 35 31  8 20  0 35  0  0 35  0 37  0  0  0 23 31  0 32 31  0 31 37 35  0 23 31 19 37 35 32 35  0 35 32 32 10 31  0  0 31  0 37  0 37
  0 28 28 31  0  0 37 37 31  0  0 12  0 31 28  0  0 20  0 37 37  0 37  0 41  0  0  0  0 13  0  0 31  0  1  0  0 28  0 28 13 31 37 37 28 41  0  0 41 28  0  0  8 24 41 41  0  0 31 37  0 12 24  0  0  0 37 41 13 31 41 41  0  0 28 28 37 37  3 28 28  0  0 37  0 41  0 41  7  0 31  0 41 31 24  0  0 20  0  0 28  0  8  0 20  1  0  0  0  0  0  0 28  0  0  0 37  1 31 31  0 41  1 31  2
  0 28 28 31  0  1 37 37 31  0  0 13  0 31 28  0 20  0  0 37 37  0 37  0 41  0  0  0  0 11  0  0 31  0  0  0  0 28  0 28 11 31 37 37 28 41  0  0 41 28  0  0  0 11 41 41  0  0 31 37  0 13 11  0  0  0 37 41 11 31 41 41  0  0 28 28 37 37  0 28 28  0  0 37  0 41  0 41 20  0 31  0 41 31 11  0  0  9  0  0 28  0  0  0 10  0  0  0  2  0  0  0 28  0  0  0 37  0 31 31  0 41  2 31  0
 31  0  0  0 16  7  0  0  0 35 24  0 19  0  0 24  0  0  0  1  0 31  0 35  0 35 35  8 37  0 32 37  0 35 32 31 37  0 37  0  0  0  2 10  0  0 37 31  0  0 32 32 37  0  0  0 32 32  0  0 31  0  0 31 24 32  0  0  0  0  0  0 35 32  0  0  0 10 37  0  0 35 31  0 16  1 35  0  0 35  0 37  0  0  0 12 31  0 32 31  0 31 37 35  0 12 31 19 37 35 32 35  0 35 32 32  0 31  0  0 31  0 37  0 37
  0 32 32 31  0  0 13 10 31  0  0 37  1 31 32  0 37 37  1  0 15  0  9  0 35  0  0  0  0 37  0  0 31  0  0  1  0 32  0 32 37 31 13 19 32 35  0  0 35 32  0  0  0 37 35 35  0  0 31 15  0 37 37  0  0  0 15 35 37 31 35 35  0  0 32 32 13 19  0 32 32  0  0 19  0 35  0 35 37  0 31  1 35 31 37  0  0 37  0  0 32  0  0  0 37  0  0  6  0  0  0  0 32  0  0  0 19  0 31 31  0 35  0 31  0
  0 32 32 31  0  0 22 15 31  0  0 37  0 31 32  0 37 37  0 15  0  0 15  0 35  0  0  0  0 37  0  0 31  0  0  0  0 32  0 32 37 31 22 12 32 35  0  0 35 32  0  0  1 37 35 35  0  0 31 10  0 37 37  0  0  0  8 35 37 31 35 35  0  0 32 32 22 12  0 32 32  0  0 23  0 35  0 35 37  0 31  1 35 31 37  4  0 37  0  0 32  0  0  0 37  6  0  0  0  0  0  0 32  0  0  0 23  0 31 31  0 35  0 31  0
 23  0  0  0 31 31  0  0  4 41 31  0 31  0  0 31  0  0 31  0  0  0  0 41  0 41 41 31 31  0 39 31  1 41 39  4 31  0 31  0  0  2  0  0  0  0 31 23  0  0 39 39 31  0  0  0 39 39  0  0 23  0  0 20 31 39  2  0  0  0  0  0 41 39  0  0  0  0 31  0  0 41  3  0 31  0 41  0  0 41  0 31  0  6  0 31 24  0 39 14  0 14 31 41  0 31 20 31 31 41 39 41  0 41 39 39  0 24  0  0 20  0 31  0 31
  0 32 32 31  0  0 13  9 31  0  0 37  7 31 32  1 37 37  0  9 15  0  0  0 35  0  0  0  0 37  0  0 31  0  0  0  0 32  0 32 37 31 13 19 32 35  0  0 35 32  0  0  0 37 35 35  0  0 31 15  0 37 37  0  0  0 15 35 37 31 35 35  0  0 32 32 13 19  0 32 32  0  0 19  0 35  0 35 37  0 31  0 35 31 37  0  0 37  0  0 32  0  0  0 37  0  0  2  0  0  0  0 32  0  0  0 19  0 31 31  0 35  0 31  0
 41  0  0  0 35 35  0  0  0  5 35  0 35  0  0 35  0  0 35  0  0 41  0  0  0 17 14 35 41  0 31 41  0 18 31 41 41  0 41  0  0  0  0  0  0  0 41 41  0  0 31 31 41  0  0  0 31 31  0  0 41  0  0 41 35 31  0  0  0  0  7  8 14 31  0  0  0  0 41  0  0 17 41  0 35  0  8  0  0 22  0 41  0  0  0 35 41  0 31 41  2 41 41 14  0 35 41 35 41 18 31 17  0 22 31 31  0 41  0  0 41  0 41  0 41
  0 31 31 41  0  0 35 35 41  0  0 41  0 41 31  0 41 41  0 35 35  0 35  0  0  0  8  0  0 41  0  0 41  3  0  0  0 31  0 31 41 41 35 35 31 19  0  0 19 31  0  0  0 41 11 20  0  0 41 35  0 41 41  0  0  0 35 19 41 41 14 14  4  0 31 31 35 35  0 31 31  0  0 35  0 11  0 20 41  2 41  0 11 41 41  0  0 41  0  0 31  0  0  2 41  0  0  1  0  0  0  0 31  0  0  0 35  0 41 41  0  7  0 41  0
 41  0  0  0 35 35  0  0  0 17 35  0 35  0  0 35  0  0 35  0  0 41  0 17  0  0 20 35 41  0 31 41  0 13 31 41 41  0 41  0  0  0  0  0  0  0 41 41  0  0 31 31 41  0  0  9 31 31  0  0 41  0  0 41 35 31  0  1  0  0  0  0 20 31  0  0  0  0 41  0  0  5 41  0 35  3 17  3  0 19  0 41  0  0  0 35 41  0 31 41  0 41 41 20  0 35 41 35 41 13 31  3  0 19 31 31  0 41  0  0 41  0 41  0 41
 41  0  0  0 35 35  0  0  0 14 35  0 35  0  0 35  0  0 35  0  0 41  0 14  8 20  0 35 41  0 31 41  0 11 31 41 41  0 41  0  0  0  0  0  0  0 41 41  0  1 31 31 41  0  0  0 31 31  0  0 41  0  0 41 35 31  0  1  0  0  0  0  7 31  0  0  0  0 41  0  0 20 41  0 35  2 14  0  0 19  0 41  0  0  0 35 41  0 31 41  0 41 41  2  0 35 41 35 41 11 31 20  0 19 31 31  0 41  0  0 41 10 41  0 41
 31  0  0  0 16  2  0  0  0 35 24  0 19  0  0 24  0  0  8  0  0 31  0 35  0 35 35  0 37  1 32 37  0 35 32 31 37  0 37  0  0  0  0  5  0  0 37 31  0  0 32 32 37  0  0  0 32 32  0  0 31  0  0 31 24 32  5  0  0  0  0  0 35 32  0  0  0  8 37  0  0 35 31  0 16  0 35  0  0 35  0 37  0  0  0 12 31  0 32 31  0 31 37 35  0 12 31 19 37 35 32 35  0 35 32 32  0 31  0  0 31  0 37  0 37
 31  0  0  0 37 37  0  0  0 41 37  0 37  0  0 37  0  0 37  0  0 31  0 41  0 41 41 37  0  2 28  5  0 41 28 31 18  0 18  0  5  0  0  0  0  0 20 31  0  0 28 28 13  0  0  0 28 28  0  0 31  0  0 31 37 28  0  0  4  0  0  0 41 28  0  0  0  0 13  0  0 41 31  0 37  0 41  0  0 41  2 18  0  0  0 37 31  0 28 31  0 31 13 41  0 37 31 37 11 41 28 41  0 41 28 28  0 31  0  0 31  0 11  0 20
  1 28 28 31  0  0 37 37 31  0  0 18  0 31 28  0 13 11  0 37 37  0 37  0 41  0  0  1  2  0  0  9 31  0  0  0  0 28  1 28  8 31 37 37 28 41  0  0 41 28  0  0  0 20 41 41  0  0 31 37  0 18 20  0  0  0 37 41  5 31 41 41  0  0 28 28 37 37  0 28 28  0  0 37  0 41  0 41 13  0 31  0 41 31 20  0  0 11  0  0 28  0  2  0 11  0  0  0  0  0  0  0 28  0  0  0 37  0 31 31  0 41  0 31  0
 39  1  0  0 32 32  0  0  0 31 32  1 32  0  0 32  0  0 32  0  0 39  0 31  0 31 31 32 28  0  0 28  0 31 22 39 28  0 28  0  0  0  0  0  0  0 28 39  0 10 12 13 28  0  0  1 12 22  0  0 39  0  0 39 32  4  0  0  0  1  0  0 31 20  9  0  0  0 28  0  4 31 39  0 32  0 31  0  0 31  0 28  0  0  0 32 39  0 13 39  2 39 28 31  0 32 39 32 28 31 20 31  0 31 12 20  0 39  0  0 39  0 28  0 28
 31  0  0  0 37 37  0  0  0 41 37  1 37  0  0 37  0  0 37  0  0 31  0 41  0 41 41 37  5  9 28  0  0 41 28 31 18  0 18  0  6  0  0  0  0  0 20 31  0  0 28 28 13  0  0  0 28 28  0  0 31  0  0 31 37 28  0  0  9  0  0  0 41 28  0  0  0  0 13  0  1 41 31  0 37  0 41  0  4 41  0 18  0  0  0 37 31  0 28 31  0 31 13 41  0 37 31 37 11 41 28 41  0 41 28 28  0 31  0  0 31  0 11  0 20
  1 39 39 25  0  0 31 31 24  0  0 31  0 12 39  0 31 31  0 31 31  1 31  0 41  0  0  0  0 31  0  0  0  0  0  0  0 39  0 39 31 25 31 31 39 41  0  0 41 39  0  0  0 31 41 41  0  0 25 31  0 31 31  0  0  0 31 41 31 12 41 41  0  0 39 39 31 31  0 39 39  0  0 31  0 41  0 41 31  0 25  0 41 24 31  0  1 31  0  0 39  0  1  0 31  0  1  0  0  0  0  0 39  0  0  0 31  5  9  5  0 41  0 25  0
 41  0  0  0 35 35  0  0  0 18 35  0 35  0  0 35  0  0 35  0  0 41  0 18  3 13 11 35 41  0 31 41  0  0 31 41 41  0 41  0  0  0  0  0  0  0 41 41  0  0 31 31 41  0 10  0 31 31  0  0 41  0  0 41 35 31  0  0  0  0  0  0 11 31  0  0  0  0 41  0  0 13 41  0 35  1 18  2  0 17  0 41  9  0  0 35 41  0 31 41  0 41 41 11  0 35 41 35 41  6 31 13  0 17 31 31  0 41  0  0 41  0 41  0 41
 39  0  0  0 32 32  0  0  0 31 32  0 32  0  9 32  1  0 32  0  0 39  0 31  0 31 31 32 28  0 22 28  0 31  0 39 28  0 28  7  0  0  0  0  0  0 28 39  0  0 21 17 28  0  0  0 21  5  0  0 39  0  0 39 32 22  0  0  0  0  0  0 31 22  0  0  0  0 28  9  0 31 39  0 32  0 31  1  0 31  0 28  0  0  0 32 39  0 17 39  0 39 28 31  0 32 39 32 28 31 22 31  2 31 21 22  1 39  0  0 39  0 28  0 28
 23  0  0  1 31 31  0  0  3 41 31  0 31  0  0 31  0  0 31  1  0  4  0 41  0 41 41 31 31  0 39 31  0 41 39  0 31  0 31  0  0  0  0  0  0  0 31 23  0  0 39 39 31  0  0  0 39 39  0  0 23  0  0 20 31 39  0  0  0  0  0  0 41 39  0  0  0  0 31  0  0 41  4  0 31  0 41  0  0 41  0 31  0  7  0 31 24  0 39 14  0 14 31 41  1 31 20 31 31 41 39 41  0 41 39 39  0 24  1  0 20  0 31  0 31
 31  0  0  0 37 37  0  0  0 41 37 10 37  0  0 37  0  0 37  0  0 31  0 41  0 41 41 37 18  0 28 18  0 41 28 31  0  1  3  0  0  0  0  0  0  0 24 31  0  0 28 28 12  0  0  0 28 28  0  0 31  1  0 31 37 28  0  0  4  0  0  0 41 28  0  0  0  0 12  0  0 41 31  0 37  0 41  0  0 41  0 10  0  0  0 37 31  0 28 31  0 31 12 41  0 37 31 37 13 41 28 41  0 41 28 28  0 31  0  1 31  0 13  0 24
  0 15  1 39  0  0 32 32 39  0  0 28  0 39 17  0 28 28  0 32 32  0 32  0 31  0  0  0  0 28  0  0 39  0  0  0  1  0  0 17 28 39 32 32  3 31  0  0 31 13  0  7  0 28 31 31  4  0 39 32  0 28 28  0  0  0 32 31 28 39 31 31  0  0 13 15 32 32  1 17 21  0  0 32  0 31  0 31 28  0 39  0 31 39 28  0  0 28  7  0 13  0  0  0 28  0  0  0  0  0  0  0 21  0  0  0 32  0 39 39  0 31  0 39  0
 31  0  0  0 37 37  1  0  0 41 37  4 37  0  0 37  0  0 37  0  0 31  0 41  0 41 41 37 18  1 28 18  0 41 28 31  3  0  0  0  0  0  0  0  0  0 24 31  0  0 28 28 12  0  0  0 28 28  0  0 31  9  1 31 37 28  0  0  0  0  0  0 41 28  0  0  0  0 12  0  0 41 31  0 37  0 41  0  0 41  0  3  0  0  0 37 31  2 28 31  0 31 12 41  0 37 31 37 13 41 28 41  0 41 28 28  0 31  0  0 31  0 13  0 24
  0 22 17 39  0  0 32 32 39  0  0 28  0 39  5  0 28 28  0 32 32  0 32  0 31  0  0  0  0 28  0  0 39  0  7  0  0 17  0  0 28 39 32 32 17 31  0  0 31 22  0  0  0 28 31 31  0  3 39 32  0 28 28  0  0  0 32 31 28 39 31 31  0  0 22 22 32 32  0  9 21  0  0 32  0 31  0 31 28  0 39  0 31 39 28  0  0 28  0  0 22  0  0  0 28  0  0  0  0  0  3  0 21  0  0  0 32  0 39 39  0 31  0 39  0
  0 28 28 31  0  0 37 37 31  0  0 18  0 31 28  0 13 11  0 37 37  0 37  0 41  0  0  0  5  8  0  6 31  0  0  0  0 28  0 28  0 31 37 37 28 41  0  0 41 28  0  0  1 20 41 41  0  0 31 37  1 18 20  0  0  0 37 41  5 31 41 41  0  0 28 28 37 37  0 28 28  0  0 37  0 41  0 41 13  0 31  2 41 31 20  0  0 11  0  0 28  0  0  0 11  0  0  0  0  0  0  0 28  0  0  0 37  0 31 31  0 41  0 31  0
  2 39 39  1  0  0 31 31 14  0  0 31  0 23 39  0 31 31  0 31 31  2 31  0 41  0  0  0  0 31  0  0 25  0  0  0  0 39  0 39 31  0 31 31 39 41  0  0 41 39  0  0  0 31 41 41  0  0  1 31  0 31 31  0  0  0 31 41 31 23 41 41  0  0 39 39 31 31  0 39 39  0  0 31  0 41  0 41 31  0 15  0 41 14 31  0  0 31  0  4 39  9  0  0 31  0  0  0  0  0  0  0 39  0  0  0 31  0 25 25  0 41  0 15  0
  0 32 32 31  8  0 10 13 31  0  1 37  0 31 32  0 37 37  2 13 22  0 13  0 35  0  0  0  0 37  0  0 31  0  0  0  0 32  0 32 37 31  0 16 32 35  0  0 35 32  0  0  1 37 35 35  0  0 31 22  0 37 37  0  0  0 22 35 37 31 35 35  0  0 32 32  4 16  0 32 32  0  0 20  1 35  0 35 37  0 31  0 35 31 37  0  0 37  0  0 32  0  0  0 37  0  0  0  0  0  0  0 32  0  0  0 20  0 31 31  0 35  0 31  0
  0 32 32 31  0  6 16 19 31  0  0 37  0 31 32  0 37 37 10 19 12  0 19  0 35  0  0  5  0 37  0  0 31  0  0  0  0 32  0 32 37 31 16  0 32 35  0  0 35 32  0  0  0 37 35 35  0  0 31 12  0 37 37  0  0  0 12 35 37 31 35 35  0  0 32 32 16 10  0 32 32  0  0 24  0 35  0 35 37  0 31  0 35 31 37  0  0 37  0  0 32  0  0  0 37  1  0  0  0  0  0  0 32  0  0  0 24  0 31 31  0 35  1 31  0
  0 15  3 39  0  0 32 32 39  0  0 28  0 39 17  0 28 28  0 32 32  0 32  0 31  0  0  0  0 28  0  0 39  0  0  0  0  3  0 17 28 39 32 32  0 31  0  0 31 13  2  1  0 28 31 31  0  0 39 32  0 28 28  0  0  0 32 31 28 39 31 31  0  1 13 15 32 32  0 17 21  0  0 32  0 31  0 31 28  0 39  0 31 39 28  0  0 28  6  0 13  0  0  0 28  0  0  0  0  0  0  0 21  0  0  0 32  0 39 39  0 31  0 39  0
  0 31 31 41  0  0 35 35 41  0  0 41  0 41 31  0 41 41  0 35 35  0 35  0 19  0  0  0  0 41  0  0 41  0  0  0  0 31  0 31 41 41 35 35 31  0  0  0  8 31  0  0  0 41 17 19  0  0 41 35  0 41 41  0  0  0 35  1 41 41 22 22  1  1 31 31 35 35  0 31 31  0  0 35  0 17  0 19 41  6 41  0 17 41 41  0  0 41  0  0 31  0  0  0 41  0  0  0  0  0  0  1 31  7  0  0 35  0 41 41  0 19  0 41  0
 31  0  0  0 37 37  0  0  0 41 37  1 37  0  0 37  0  0 37  0  0 31  0 41  0 41 41 37 20  0 28 20  0 41 28 31 24  0 24  0  0  0  0  0  0  0  0 31  0  0 28 28 24  5  0  0 28 28  0  0 31  0  1 31 37 28  0  0  0  0  0  0 41 28  0  0  0  0 24  0  0 41 31  0 37  0 41  0  1 41  0 24  0  0  9 37 31  0 28 31  0 31 24 41  0 37 31 37 11 41 28 41  0 41 28 28  0 31  0  0 31  0 11  0  3
  1  0  0  0 31 31  0  0  0 41 31  0 31  0  0 31  0  0 31  0  0 23  0 41  0 41 41 31 31  0 39 31  0 41 39 23 31  0 31  0  0  0  0  0  0  0 31  0  0  0 39 39 31  0  0  0 39 39  3  0  2  0  0 20 31 39  0  0  0  0  0  0 41 39  0  0  0  0 31  0  0 41 23  0 31  0 41  0  0 41  7 31  0  0  0 31 25  0 39 15  1 15 31 41  0 31 20 31 31 41 39 41  0 41 39 39  0 25  0  0 20  0 31  3 31
  0 31 31 41  0  0 35 35 41  0  0 41  0 41 31  0 41 41  0 35 35  0 35  0 19  0  0  0  0 41  0  0 41  0  0  0  0 31  0 31 41 41 35 35 31  8  0  0  0 31  0  0  0 41 17 19  0  0 41 35  0 41 41  0  0  0 35  8 41 41 22 22  0  0 31 31 35 35  0 31 31  2  0 35  0 17  0 19 41  4 41  0 17 41 41  0  0 41  0  0 31  0  0  3 41  0  0  0  0  0  0  0 31  6  0  0 35  0 41 41  0 19  0 41  0
  0 20 13 39  0  0 32 32 39  0  0 28  0 39 22  0 28 28  0 32 32  0 32  0 31  0  1  0  0 28 10  0 39  0  0  0  0 13  0 22 28 39 32 32 13 31  0  0 31  0  0  0  0 28 31 31  0  0 39 32  0 28 28  0  0  5 32 31 28 39 31 31  0  0 10 20 32 32  0 22 12  0  0 32  0 31  0 31 28  0 39  0 31 39 28  0  0 28  0  0  4  0  0  0 28  0  0  0  0  0  1  0 12  0  2  0 32  0 39 39  0 31  0 39  0
 39  0  0  0 32 32  0  0  0 31 32  0 32  0  0 32  0  0 32  0  0 39  0 31  0 31 31 32 28  0 12 28  0 31 21 39 28  0 28  0  0  0  0  0  2  0 28 39  0  0  0 21 28  0  0  0 10 21  0  0 39  0  0 39 32 12  0  0  0  0  0  0 31 15  3  0  0  0 28  1 10 31 39  0 32  0 31  0  0 31  0 28  0  0  0 32 39  0 21 39  0 39 28 31  0 32 39 32 28 31 15 31  9 31  8 15  0 39  0  0 39  0 28  0 28
 39  0  8  0 32 32  0  0  0 31 32  0 32  0  0 32  0  0 32  0  0 39  0 31  0 31 31 32 28  0 13 28  0 31 17 39 28  7 28  0  0  0  0  0  1  0 28 39  0  0 21  0 28  0  0  0 21 17  0  0 39  2  0 39 32 13  0  0  0  0  0  0 31 15  0  0  0  0 28  0  0 31 39  0 32  0 31  0  0 31  0 28  0  0  0 32 39  0  4 39  0 39 28 31  0 32 39 32 28 31 15 31  0 31 21 15  0 39  0  0 39  0 28  0 28
 31  0  2  0 37 37  0  0  0 41 37  0 37  0  0 37  8  0 37  0  1 31  0 41  0 41 41 37 13  0 28 13  0 41 28 31 12  0 12  0  1  0  1  0  0  0 24 31  0  0 28 28  0  0  0  0 28 28  0  0 31  0  0 31 37 28  0  0  0  0  0  0 41 28  0  0  0  0  9  0  0 41 31  0 37  0 41  0  7 41  0 12  0  0  0 37 31  0 28 31  0 31 10 41  0 37 31 37 20 41 28 41  0 41 28 28  0 31  0  0 31  0 20  0 24
  0 28 28 31  0  0 37 37 31  0  0 24  0 31 28  0 24 11  0 37 37  0 37  0 41  0  0  0  0 20  0  0 31  0  0  0  0 28  0 28 20 31 37 37 28 41  5  0 41 28  0  0  0  0 41 41  0  0 31 37  0 24  8  1  0  0 37 41 20 31 41 41  0  0 28 28 37 37  0 28 28  0  0 37  0 41  0 41 24  0 31  0 41 31  3  0  0 11  0  0 28  0  0  0 11  0  0  0  0  0  0  0 28  0  0  0 37  0 31 31  0 41  0 31  4
  0 31 31 41  0  0 35 35 41  0  0 41  0 41 31  0 41 41  0 35 35  0 35  0 11  0  0  0  0 41  0  0 41 10  0  0  0 31  0 31 41 41 35 35 31 17  0  0 17 31  0  0  0 41  0 13  0  0 41 35  0 41 41  0  0  0 35 17 41 41 18 18  0  0 31 31 35 35  0 31 31  3  0 35  0  4  0 13 41  0 41  0  6 41 41  0  0 41  0  0 31  0  0  0 41  0  0  0  0  4  0  0 31  0  0  0 35  0 41 41  0 11  0 41  0
  0 31 31 41  0  0 35 35 41  0  0 41  0 41 31  0 41 41  0 35 35  0 35  0 20  9  0  0  0 41  1  0 41  0  0  0  0 31  0 31 41 41 35 35 31 19  0  0 19 31  0  0  0 41 13  0  0  0 41 35  0 41 41  0  0  0 35 19 41 41 17 17  0  0 31 31 35 35  0 31 31  4  0 35  1 13  0 10 41  0 41  0 13 41 41  0  0 41  0  0 31  0  0  0 41  0  0  0  0  0  0  9 31  0  0  0 35  0 41 41  0 20  0 41  0
 39  0  0  0 32 32  0  0  0 31 32  0 32  0  1 32  0  0 32  0  0 39  0 31  0 31 31 32 28  0 12 28  0 31 21 39 28  4 28  0  0  0  0  0  0  0 28 39  0  0 10 21 28  0  0  0  0 21  0  0 39  0  0 39 32 12  0  0  0  0  0  0 31 15  0  0  0  0 28  0  6 31 39  0 32  0 31  0  0 31  0 28  0  0  0 32 39  0 21 39  1 39 28 31  0 32 39 32 28 31 15 31  7 31  1 15  0 39  0  0 39  0 28  0 28
 39  1  0  0 32 32  0  0  0 31 32  1 32  0  6 32  0  0 32  0  0 39  0 31  0 31 31 32 28  0 22 28  0 31  5 39 28  0 28  3  0  0  0  0  0  0 28 39  0  0 21 17 28  0  0  0 21  0  0  0 39  0  0 39 32 22  0  0  0  0  0  0 31 22  0  0  0  0 28  3  0 31 39  0 32  0 31  0  0 31  0 28  0  1  0 32 39  0 17 39  0 39 28 31  0 32 39 32 28 31 22 31  0 31 21 22  0 39  0  0 39  1 28  0 28
  0 39 39  4  0  0 31 31 14  0  0 31  0 23 39  0 31 31  0 31 31  0 31  0 41  0  0  0  0 31  0  0 25  0  0  0  0 39  0 39 31  1 31 31 39 41  0  3 41 39  0  0  0 31 41 41  0  0  0 31  0 31 31  0  0  0 31 41 31 23 41 41  0  0 39 39 31 31  0 39 39  0  0 31  0 41  0 41 31  0 15  0 41 14 31  0  0 31  0  4 39 10  0  0 31  0  0  0  0  0  0  0 39  0  0  0 31  0 25 25  0 41  0 15  0
  0 32 32 31  0  2 22 15 31  0  0 37  0 31 32  0 37 37  0 15 10  0 15  0 35  0  0  0  0 37  0  0 31  0  0  0  0 32  0 32 37 31 22 12 32 35  0  0 35 32  0  0  0 37 35 35  0  0 31  0  0 37 37  0  0  0  8 35 37 31 35 35  0  0 32 32 22 12  0 32 32  0  0 23  0 35  0 35 37  0 31  0 35 31 37  2  0 37  0  0 32  0  0  0 37  8  0  0  0  0  0  0 32  0  0  0 23  0 31 31  0 35  0 31  0
  2  0  0  1 31 31  0  0  0 41 31  0 31  0  0 31  0  0 31  0  0 23  0 41  0 41 41 31 31  0 39 31  0 41 39 23 31  0 31  0  1  0  0  0  0  0 31  2  0  0 39 39 31  0  0  0 39 39  0  0  0  0  0 20 31 39  0  0  0  0  0  0 41 39  0  0  0  0 31  0  0 41 23  0 31  0 41  0  0 41  7 31  0  0  0 31 25  0 39 15  0 15 31 41  0 31 20 31 31 41 39 41  0 41 39 39  0 25  0  0 20  0 31  4 31
  0 28 28 31  1  0 37 37 31  0  0  3  0 31 28  0 12 13  0 37 37  0 37  0 41  0  0  0  0 18  0  0 31  0  0  0  1 28  9 28 18 31 37 37 28 41  0  0 41 28  0  2  0 24 41 41  0  0 31 37  0  0 24  0  0  2 37 41 18 31 41 41  0  0 28 28 37 37  0 28 28  0  0 37  0 41  0 41 12  0 31  5 41 31 24  0  0 13  0  0 28  0  0  0 13  0  0  0  0  0  0  0 28  0  0  0 37  0 31 31  0 41  0 31  1
  0 28 28 31  0  0 37 37 31  0  0 24  0 31 28  0 24 11  0 37 37  0 37  0 41  0  0  0  0 20  0  0 31  0  0  0  0 28  1 28 20 31 37 37 28 41  1  0 41 28  0  0  0  8 41 41  0  0 31 37  0 24  0  0  0  0 37 41 20 31 41 41  0  1 28 28 37 37  0 28 28  0  0 37  0 41  0 41 24  0 31  0 41 31  3  0  0 11  0  0 28  0  1  0 11  0  0  0  0  0  0  0 28  0  0  0 37  0 31 31  0 41  0 31  2
 20  0  0  0 31 31  0  0  0 41 31  0 31  7  0 31  0  0 31  0  0 20  0 41  0 41 41 31 31  0 39 31  0 41 39 20 31  0 31  0  0  0  0  0  0  0 31 20  0  0 39 39 31  1  0  0 39 39  0  0 20  0  0  0 31 39  0  0  0  6  0  0 41 39  0  0  0  0 31  0  0 41 20  0 31  0 41  0  0 41  0 31  0  0  0 31 12  0 39 23  0 23 31 41  0 31  4 31 31 41 39 41  0 41 39 39  0 12  0  1 10  0 31  0 31
 31  0  0  0 20 24  1  2  0 35  5  0 19  0  0  2  0  0 24  0  0 31  0 35  0 35 35 24 37  0 32 37  0 35 32 31 37  0 37  0  0  0  0  0  0  0 37 31  0  0 32 32 37  0  0  0 32 32  0  0 31  0  0 31  0 32  1  0  0  0  0  0 35 32  0  0  0  0 37  0  0 35 31  7 20  0 35  0  0 35  0 37  0  0  0 23 31  0 32 31  0 31 37 35  0 23 31 19 37 35 32 35  0 35 32 32  8 31  0  0 31  0 37  0 37
 39  0  0  0 32 32  0  0  0 31 32  0 32  0  0 32  0  0 32  0  0 39  0 31  0 31 31 32 28  0  4 28  0 31 22 39 28  0 28  0  0  0  0  0  0  0 28 39  0  5 12 13 28  0  0  0 12 22  0  0 39  2  0 39 32  0  0  0  0  0  0  0 31 20  7  0  0  0 28  0  0 31 39  0 32  0 31  0  0 31  0 28  0  0  0 32 39  0 13 39  2 39 28 31  0 32 39 32 28 31 20 31  0 31 12 20  0 39  0  0 39  0 28  0 28
  0 32 32 31  0  0 22 15 31  0  0 37  0 31 32  0 37 37  0 15  8  2 15  0 35  0  0  5  0 37  0  0 31  0  0  0  0 32  0 32 37 31 22 12 32 35  0  0 35 32  0  0  0 37 35 35  0  0 31  8  0 37 37  0  1  0  0 35 37 31 35 35  0  0 32 32 22 12  0 32 32  0  0 23  0 35  0 35 37  0 31  0 35 31 37  2  0 37  0  0 32  0  0  0 37  9  0  0  0  0  0  1 32  0  0  0 23  0 31 31  0 35  0 31  0
  0 31 31 41  0  0 35 35 41  0  0 41  0 41 31  0 41 41  0 35 35  0 35  0 19  1  1  0  0 41  0  0 41  0  0  0  0 31  0 31 41 41 35 35 31  1  0  0  8 31  0  0  0 41 17 19  0  0 41 35  0 41 41  0  0  0 35  0 41 41 22 22  0  0 31 31 35 35  0 31 31  0  0 35  0 17  0 19 41  5 41  0 17 41 41  0  0 41  0  0 31  0  0  0 41  0  0  0  0  0  3  0 31  2  0  0 35  0 41 41  0 19  0 41  0
  0 28 28 31  0  0 37 37 31  0  0 18  0 31 28  0 13 11  0 37 37  0 37  0 41  0  0  0  4  5  0  9 31  0  0  0  4 28  0 28  5 31 37 37 28 41  0  0 41 28  0  0  0 20 41 41  0  0 31 37  0 18 20  0  0  0 37 41  0 31 41 41  0  0 28 28 37 37  2 28 28  0  0 37  0 41  0 41 13  0 31  0 41 31 20  0  0 11  0  0 28  0  0  0 11  0  0  0  0  0  0  0 28  0  0  1 37  0 31 31  0 41  0 31  0
  0 39 39 23  0  0 31 31 20  0  0 31  0  4 39  0 31 31  0 31 31  0 31  0 41  0  0  0  0 31  1  0 12  0  0  0  0 39  0 39 31 23 31 31 39 41  0  0 41 39  0  0  0 31 41 41  0  0 23 31  0 31 31  6  0  0 31 41 31  0 41 41  0  0 39 39 31 31  0 39 39  0  0 31  0 41  0 41 31  0 20  0 41 20 31  0  1 31  0  2 39  0  0  0 31  0  2  0  1  0  0  0 39  0  0  0 31  0 12 12  3 41  0 20  0
  0 31 31 41  0  0 35 35 41  1  0 41  0 41 31  0 41 41  0 35 35  0 35  7 14  0  0  0  0 41  0  0 41  0  0  0  0 31  0 31 41 41 35 35 31 22  0  0 22 31  0  0  0 41 18 17  0  0 41 35  0 41 41  0  0  0 35 22 41 41  0  9  0  0 31 31 35 35  0 31 31  0  0 35  0 18  9 17 41  0 41  0 18 41 41  0  0 41  2  0 31  0  0  0 41  0  0  0  0  1  0  0 31  1  0  0 35  0 41 41  0 14  0 41  0
  0 31 31 41  0  0 35 35 41  9  0 41  0 41 31  0 41 41  0 35 35  0 35  8 14  0  0  0  0 41  0  0 41  0  0  0  0 31  0 31 41 41 35 35 31 22  0  0 22 31  0  0  0 41 18 17  0  0 41 35  0 41 41  0  0  0 35 22 41 41  9  0  0  0 31 31 35 35  0 31 31  0  0 35  0 18  3 17 41  1 41  0 18 41 41  0  0 41  0  0 31  0  0  0 41  0  0  0  0  0  0  0 31  0  0  0 35  0 41 41  0 14  0 41  0
 41  0  0  0 35 35  0  1  0 14 35  0 35  0  0 35  0  0 35  0  0 41  0 14  4 20  7 35 41  0 31 41  0 11 31 41 41  0 41  0  0  0  0  0  0  1 41 41  0  0 31 31 41  0  0  0 31 31  0  0 41  0  0 41 35 31  0  0  0  0  0  0  0 31  0  0  0  0 41  1  0 20 41  0 35  0 14  0  0 19  0 41  1  0  0 35 41  0 31 41  0 41 41  7  0 35 41 35 41 11 31 20  0 19 31 31  0 41  0  0 41  5 41  0 41
 39  5  0  0 32 32  0  0  0 31 32  0 32  0  0 32  0  0 32  0  0 39  0 31  0 31 31 32 28  0 20 28  0 31 22 39 28  0 28  0  0  0  0  0  1  1 28 39  0  0 15 15 28  0  0  0 15 22  0  0 39  0  1 39 32 20  0  0  0  0  0  0 31  0  1  1  0  0 28  0  0 31 39  0 32  0 31  0  0 31  0 28  2  0  0 32 39  0 15 39  0 39 28 31  0 32 39 32 28 31 10 31  0 31 15  7  0 39  0  0 39  0 28  0 28
  0 20 13 39  0  0 32 32 39  0  0 28  0 39 22  0 28 28  0 32 32  0 32  0 31  0  0  0  0 28  9  0 39  0  0  0  0 13  0 22 28 39 32 32 13 31  0  0 31 10  3  0  0 28 31 31  0  0 39 32  0 28 28  0  0  7 32 31 28 39 31 31  0  1  0 20 32 32  0 22 12  0  0 32  0 31  0 31 28  0 39  0 31 39 28  0  0 28  0  0  7  0  1  0 28  0  0  0  0  0  0  1 12  0  0  0 32  0 39 39  0 31  0 39  0
  0  4 15 39  0  0 32 32 39  0  0 28  0 39 22  0 28 28  0 32 32  0 32  0 31  0  0  0  0 28  0  0 39  0  0  0  0 15  0 22 28 39 32 32 15 31  0  0 31 20  0  0  0 28 31 31  0  0 39 32  0 28 28  0  0  0 32 31 28 39 31 31  0  1 20  0 32 32  0 22 15  0  0 32  0 31  0 31 28  0 39  0 31 39 28  0  0 28  0  0 20  0  0  0 28  0  0  1  0  0  6  0 15  0  0 10 32  1 39 39  0 31  1 39  1
  0 32 32 31  1  1  4 13 31  0  0 37  0 31 32  4 37 37  0 13 22  0 13  0 35  0  0  0  0 37  0  0 31  0  0  0  0 32  0 32 37 31  4 16 32 35  0  0 35 32  0  0  0 37 35 35  0  0 31 22  0 37 37  0  0  0 22 35 37 31 35 35  0  0 32 32  0 16  0 32 32  0  1 20  2 35  0 35 37  0 31  0 35 31 37  0  0 37  0  0 32  0  0  0 37  0  0  0  0  0  0  0 32  0  0  0 20  0 31 31  0 35  0 31  0
  0 32 32 31  0  5 16 19 31  0  0 37  1 31 32  0 37 37 10 19 12  0 19  0 35  0  0  8  0 37  0  0 31  0  0  0  0 32  0 32 37 31 16 10 32 35  0  0 35 32  0  0  0 37 35 35  0  0 31 12  0 37 37  0  0  0 12 35 37 31 35 35  0  0 32 32 16  0  0 32 32  0  0 24  2 35  0 35 37  0 31  0 35 31 37  1  0 37  0  0 32  0  0  0 37  0  0  0  0  0  0  0 32  0  0  0 24  0 31 31  0 35  0 31  0
 31  0  0  0 37 37  0  0  0 41 37  0 37  0  0 37  3  0 37  0  0 31  0 41  0 41 41 37 13  0 28 13  0 41 28 31 12  1 12  0  0  0  0  0  0  0 24 31  0  0 28 28  9  0  0  0 28 28  0  0 31  0  0 31 37 28  0  0  2  0  0  0 41 28  0  0  0  0  0  0  0 41 31  0 37  0 41  0  2 41  0 12  0  0  0 37 31  0 28 31  0 31  3 41  0 37 31 37 20 41 28 41  0 41 28 28  0 31  0  0 31  0 20  0 24
  0 22 17 39  0  0 32 32 39  0  0 28  0 39 10  0 28 28  0 32 32  0 32  0 31  0  0  0  0 28  0  0 39  0  9  0  0 17  0  9 28 39 32 32 17 31  0  0 31 22  1  0  0 28 31 31  0  3 39 32  0 28 28  0  0  0 32 31 28 39 31 31  1  0 22 22 32 32  0  0 21  0  0 32  0 31  0 31 28  0 39  0 31 39 28  0  0 28  0  0 22  0  1  0 28  0  0  0  0  0  0  0 21  0  0  0 32  0 39 39  0 31  0 39  0
  0 15 21 39  0  0 32 32 39  0  0 28  1 39 21  0 28 28  0 32 32  0 32  0 31  0  0  0  0 28  4  1 39  0  0  0  0 21  0 21 28 39 32 32 21 31  0  0 31 12 10  0  0 28 31 31  6  0 39 32  0 28 28  0  0  0 32 31 28 39 31 31  0  0 12 15 32 32  0 21  0  0  0 32  0 31  0 31 28  0 39  0 31 39 28  0  1 28  0  1 12  0  0  0 28  0  0  0  0  0  0  0  6  0  5  0 32  0 39 39  0 31  0 39  0
 41  0  0  0 35 35  0  0  0 17 35  0 35  0  1 35  0  0 35  0  0 41  0 17  0  5 20 35 41  0 31 41  0 13 31 41 41  0 41  0  0  0  0  0  0  0 41 41  2  0 31 31 41  0  3  4 31 31  0  0 41  0  0 41 35 31  0  0  0  0  0  0 20 31  0  0  0  0 41  0  0  0 41  0 35  0 17  4  0 19  0 41  0  0  0 35 41  0 31 41  0 41 41 20  0 35 41 35 41 13 31  1  0 19 31 31  0 41  0  0 41  0 41  0 41
 23  0  0  0 31 31  0  0  2 41 31  0 31  0  0 31  0  0 31  0  0  3  0 41  0 41 41 31 31  0 39 31  0 41 39  4 31  0 31  0  0  0  0  0  0  0 31 23  0  0 39 39 31  0  0  0 39 39  0  0 23  0  0 20 31 39  0  0  0  0  0  0 41 39  0  0  1  0 31  0  0 41  0  0 31  0 41  0  0 41  0 31  0  1  0 31 24  0 39 14  0 14 31 41  0 31 20 31 31 41 39 41  0 41 39 39  0 24  0  1 20  0 31  0 31
  0 32 32 31  0  0 20 19 31  0  7 37  0 31 32  8 37 37  0 19 23  0 19  0 35  0  0  0  0 37  0  0 31  0  0  0  0 32  0 32 37 31 20 24 32 35  0  0 35 32  0  0  0 37 35 35  0  0 31 23  0 37 37  0  7  0 23 35 37 31 35 35  0  0 32 32 20 24  0 32 32  0  0  0  0 35  0 35 37  0 31  0 35 31 37  0  0 37  0  0 32  0  0  0 37  0  0  0  0  0  0  0 32  0  0  0  9  0 31 31  0 35  0 31  0
 31  0  0  0  3 16  4  0  0 35 20  0 13  0  0 20  0  0 16  0  0 31  0 35  0 35 35 16 37  0 32 37  0 35 32 31 37  0 37  0  0  0  1  0  0  0 37 31  0  0 32 32 37  0  0  1 32 32  0  0 31  0  0 31 20 32  0  0  0  0  0  0 35 32  0  0  2  2 37  0  0 35 31  0  0  0 35  0  0 35  0 37  0  0  0 22 31  0 32 31  0 31 37 35  0 22 31 13 37 35 32 35  0 35 32 32  0 31  0  0 31  0 37  0 37
  0 31 31 41  0  0 35 35 41  0  0 41  0 41 31  0 41 41  1 35 35  0 35  0 11  3  2  0  0 41  0  0 41  1  0  0  0 31  0 31 41 41 35 35 31 17  0  0 17 31  0  0  0 41  4 13  0  0 41 35  0 41 41  0  0  0 35 17 41 41 18 18  0  0 31 31 35 35  0 31 31  0  0 35  0  0  1 13 41  0 41  0  1 41 41  0  0 41  0  0 31  0  0  0 41  0  0  0  0  5  0  0 31  0  0  0 35  0 41 41  0 11  0 41  0
 41  0  1  0 35 35  0  0  0  8 35  0 35  0  0 35  0  0 35  0  0 41  0  8  0 17 14 35 41  0 31 41  0 18 31 41 41  0 41  0  0  0  0  0  0  0 41 41  0  0 31 31 41  0  0  0 31 31  0  0 41  0  0 41 35 31  0  0  0  0  9  3 14 31  0  0  0  0 41  0  0 17 41  0 35  1  0  0  0 22  0 41  0  0  0 35 41  0 31 41  0 41 41 14  0 35 41 35 41 18 31 17  0 22 31 31  0 41  0  0 41  0 41  0 41
  0 31 31 41  0  0 35 35 41  0  0 41  0 41 31  0 41 41  0 35 35  0 35  0 20  3  0  0  0 41  0  0 41  2  1  0  0 31  0 31 41 41 35 35 31 19  0  0 19 31  0  0  0 41 13 10  0  0 41 35  0 41 41  0  0  0 35 19 41 41 17 17  0  0 31 31 35 35  0 31 31  4  0 35  0 13  0  0 41  0 41  0 13 41 41  0  0 41  0  0 31  0  0  0 41  0  0  0  0  0  0  5 31  0  0  0 35  0 41 41  0 20  0 41  0
  0 28 28 31  0  0 37 37 31  0  0 12  0 31 28  0  7 20  0 37 37  0 37  0 41  0  0  0  0 13  0  4 31  0  0  0  0 28  0 28 13 31 37 37 28 41  1  0 41 28  0  0  7 24 41 41  0  0 31 37  0 12 24  0  0  0 37 41 13 31 41 41  0  0 28 28 37 37  2 28 28  0  0 37  0 41  0 41  0  0 31  0 41 31 24  0  0 20  0  0 28  0  9  0 20  0  0  0  1  0  0  0 28  0  0  0 37  0 31 31  0 41  0 31  0
 41  0  0  0 35 35  0  0  0 22 35  0 35  0  0 35  0  0 35  0  0 41  0 22  2 19 19 35 41  0 31 41  0 17 31 41 41  0 41  0  0  0  0  0  0  6 41 41  4  0 31 31 41  0  0  0 31 31  0  0 41  0  0 41 35 31  0  5  0  0  0  1 19 31  0  0  0  0 41  0  0 19 41  0 35  0 22  0  0  0  0 41  0  0  0 35 41  0 31 41  0 41 41 19  0 35 41 35 41 17 31 19  0  8 31 31  0 41  0  0 41  0 41  0 41
  5 39 39 15  0  0 31 31 23  0  0 31  0 20 39  0 31 31  0 31 31  0 31  0 41  0  0  0  2 31  0  0 25  0  0  0  0 39  0 39 31 15 31 31 39 41  0  7 41 39  0  0  0 31 41 41  0  0 15 31  7 31 31  0  0  0 31 41 31 20 41 41  0  0 39 39 31 31  0 39 39  0  0 31  0 41  0 41 31  0  0  0 41 23 31  0  0 31  0  0 39  0  0  0 31  0  0  0  0  0  0  0 39  0  0  0 31  0 25 25  0 41  0  1  0
 31  0  2  0 37 37  0  0  0 41 37  9 37  0  0 37  0  0 37  1  1 31  0 41  0 41 41 37 18  0 28 18  0 41 28 31 10  0  3  0  2  0  0  0  0  0 24 31  0  0 28 28 12  0  0  0 28 28  0  0 31  5  0 31 37 28  0  0  0  0  0  0 41 28  0  0  0  0 12  0  0 41 31  0 37  0 41  0  0 41  0  0  0  0  1 37 31  0 28 31  0 31 12 41  3 37 31 37 13 41 28 41  0 41 28 28  0 31  0  0 31  0 13  0 24
  0 31 31 41  0  0 35 35 41  0  0 41  0 41 31  0 41 41  0 35 35  0 35  0 11  0  0  0  0 41  0  0 41  9  0  0  0 31  0 31 41 41 35 35 31 17  0  0 17 31  0  0  0 41  6 13  0  0 41 35  0 41 41  0  0  0 35 17 41 41 18 18  1  2 31 31 35 35  0 31 31  0  0 35  0  1  0 13 41  0 41  0  0 41 41  0  0 41  0  0 31  0  0  0 41  0  0  0  0  1  0  1 31  0  0  0 35  0 41 41  0 11  0 41  0
  0 39 39 14  0  0 31 31  6  0  0 31  0 20 39  0 31 31  0 31 31  6 31  0 41  0  0  0  0 31  0  0 24  0  0  7  0 39  0 39 31 14 31 31 39 41  0  0 41 39  0  0  0 31 41 41  0  1 14 31  0 31 31  0  0  0 31 41 31 20 41 41  0  0 39 39 31 31  0 39 39  0  1 31  0 41  0 41 31  0 23  0 41  0 31  0  1 31  1  2 39  0  0  0 31  0  0  0  1  0  0  0 39  0  0  0 31  0 24 24  0 41  0 23  0
  0 28 28 31  0  0 37 37 31  0  1 24  0 31 28  0 24 11  0 37 37  0 37  0 41  0  0  0  0 20  0  0 31  0  0  0  0 28  0 28 20 31 37 37 28 41  9  0 41 28  0  0  0  3 41 41  0  0 31 37  0 24  3  0  0  0 37 41 20 31 41 41  0  0 28 28 37 37  0 28 28  0  0 37  0 41  0 41 24  0 31  1 41 31  0  0  0 11  0  0 28  0  0  0 11  0  0  0  0  0  1  0 28  0  1  0 37  0 31 31  0 41  0 31  4
 31  0  0  0 22 12  0  0  0 35 23  0 15  0  0 23  0  0 12  0  4 31  0 35  0 35 35 12 37  0 32 37  0 35 32 31 37  0 37  0  0  0  0  0  0  0 37 31  0  0 32 32 37  0  0  0 32 32  0  2 31  0  0 31 23 32  2  0  0  0  0  0 35 32  0  0  0  1 37  0  0 35 31  0 22  0 35  0  0 35  0 37  0  0  0  0 31  0 32 31  0 31 37 35  0  5 31 15 37 35 32 35  0 35 32 32  0 31  0  0 31  0 37  0 37
 25  0  0  0 31 31  0  0  0 41 31  0 31  0  0 31  0  0 31  0  0 24  0 41  0 41 41 31 31  0 39 31  1 41 39 24 31  0 31  0  0  0  0  0  0  0 31 25  0  0 39 39 31  0  0  0 39 39  0  0 25  0  0 12 31 39  0  0  0  1  0  0 41 39  0  0  0  0 31  0  1 41 24  0 31  0 41  0  0 41  0 31  0  1  0 31  0  0 39 25  0 25 31 41  0 31 12 31 31 41 39 41  0 41 39 39  0  4  9  6 12  0 31  0 31
  0 28 28 31  0  0 37 37 31  0  0 13  0 31 28  0 20  9  0 37 37  0 37  0 41  0  0  0  0 11  0  0 31  0  0  0  0 28  2 28 11 31 37 37 28 41  0  0 41 28  0  0  0 11 41 41  0  0 31 37  0 13 11  0  0  0 37 41 11 31 41 41  0  0 28 28 37 37  0 28 28  0  0 37  0 41  0 41 20  0 31  0 41 31 11  0  0  0  0  0 28  0  0  0  1  0  1  0  8  0  0  0 28  0  0  0 37  0 31 31  0 41  5 31  0
 39  0 10  0 32 32  0  0  0 31 32  0 32  0  0 32  0  0 32  0  0 39  0 31  0 31 31 32 28  0 13 28  0 31 17 39 28  7 28  0  0  0  0  0  6  0 28 39  0  0 21  4 28  0  0  0 21 17  0  0 39  0  0 39 32 13  0  0  0  0  2  0 31 15  0  0  0  0 28  0  0 31 39  0 32  0 31  0  0 31  0 28  0  1  0 32 39  0  0 39  0 39 28 31  0 32 39 32 28 31 15 31  0 31 21 15  0 39  0  0 39  0 28  0 28
 15  0  0  2 31 31  0  0  0 41 31  0 31  0  0 31  0  0 31  0  0 14  0 41  0 41 41 31 31  0 39 31  0 41 39 14 31  0 31  0  0  4  0  0  0  0 31 15  0  0 39 39 31  0  0  0 39 39  4  0 15  0  0 23 31 39  0  0  0  2  0  0 41 39  0  0  0  0 31  0  1 41 14  0 31  0 41  0  0 41  0 31  0  2  0 31 25  0 39  0  0  1 31 41  0 31 23 31 31 41 39 41  0 41 39 39  0 25  0  0 23  0 31  0 31
  0 20 13 39  0  0 32 32 39  0  0 28  0 39 22  0 28 28  0 32 32  0 32  2 31  0  0  0  0 28  2  0 39  0  0  0  0 13  0 22 28 39 32 32 13 31  0  1 31  4  0  0  0 28 31 31  1  0 39 32  0 28 28  0  0  2 32 31 28 39 31 31  0  0  7 20 32 32  0 22 12  0  0 32  0 31  0 31 28  0 39  0 31 39 28  0  0 28  0  0  0  0  0  1 28  0  0  0  0  0  0  0 12  0  0  0 32  0 39 39  0 31  0 39  0
 15  0  0  9 31 31  0  0  4 41 31  0 31  0  0 31  0  0 31  0  0 14  0 41  0 41 41 31 31  0 39 31  0 41 39 14 31  0 31  0  0  9  0  0  0  0 31 15  0  0 39 39 31  0  0  0 39 39 10  0 15  0  0 23 31 39  0  0  0  0  0  0 41 39  0  0  0  0 31  0  0 41 14  0 31  0 41  0  0 41  0 31  0  0  0 31 25  0 39  1  0  0 31 41  0 31 23 31 31 41 39 41  0 41 39 39  0 25  0  0 23  0 31  0 31
 31  0  0  0 37 37  0  0  0 41 37  0 37  0  0 37  8  0 37  0  0 31  0 41  0 41 41 37 13  2 28 13  1 41 28 31 12  0 12  0  0  0  0  0  0  0 24 31  0  0 28 28 10  0  0  0 28 28  0  0 31  0  1 31 37 28  0  0  0  0  0  0 41 28  1  0  0  0  3  1  0 41 31  0 37  0 41  0  9 41  0 12  0  0  0 37 31  0 28 31  0 31  0 41  0 37 31 37 20 41 28 41  0 41 28 28  0 31  0  0 31  0 20  0 24
 41  0  0  0 35 35  0  0  0 14 35  0 35  0  1 35  0  0 35  0  0 41  0 14  2 20  2 35 41  0 31 41  0 11 31 41 41  0 41  0  0  0  0  0  0  0 41 41  3  0 31 31 41  0  0  0 31 31  0  0 41  0  0 41 35 31  0  0  0  0  0  0  7 31  0  0  0  0 41  0  0 20 41  0 35  0 14  0  0 19  0 41  0  0  0 35 41  0 31 41  1 41 41  0  0 35 41 35 41 11 31 20  0 19 31 31  0 41  0  0 41  3 41  0 41
  0 28 28 31  0  0 37 37 31  0  0 13  0 31 28  0 20 10  0 37 37  0 37  0 41  0  0  0  0 11  0  0 31  0  0  1  0 28  0 28 11 31 37 37 28 41  0  0 41 28  0  0  0 11 41 41  0  0 31 37  0 13 11  0  0  0 37 41 11 31 41 41  0  0 28 28 37 37  0 28 28  0  0 37  0 41  0 41 20  0 31  3 41 31 11  0  0  1  0  0 28  0  0  0  0  0  0  0  7  0  1  0 28  0  1  0 37  0 31 31  2 41  5 31  0
 31  0  0  0 22 12  0  0  0 35 23  0 15  0  0 23  1  0 12  0  6 31  0 35  0 35 35 12 37  0 32 37  0 35 32 31 37  0 37  0  0  0  0  1  0  0 37 31  0  0 32 32 37  0  0  0 32 32  0  8 31  0  0 31 23 32  9  0  0  0  0  0 35 32  0  0  0  0 37  0  0 35 31  0 22  0 35  0  0 35  0 37  0  0  0  5 31  0 32 31  0 31 37 35  0  0 31 15 37 35 32 35  1 35 32 32  1 31  0  0 31  0 37  0 37
 20  0  0  0 31 31  1  1  0 41 31  0 31  9  0 31  0  0 31  0  0 20  0 41  0 41 41 31 31  0 39 31  1 41 39 20 31  0 31  0  0  0  0  0  0  0 31 20  0  0 39 39 31  0  0  0 39 39  0  0 20  0  0  4 31 39  0  0  0  2  0  0 41 39  0  0  0  0 31  0  0 41 20  0 31  0 41  0  0 41  0 31  0  0  0 31 12  1 39 23  0 23 31 41  0 31  0 31 31 41 39 41  0 41 39 39  0 12  0  0  6  0 31  0 31
 31  0  0  0 13 19  0  4  1 35 19  0  7  1  0 19  0  0 19  6  0 31  2 35  1 35 35 19 37  0 32 37  0 35 32 31 37  0 37  0  0  0  0  0  0  0 37 31  0  0 32 32 37  0  0  0 32 32  0  0 31  0  0 31 19 32  0  0  0  0  0  0 35 32  0  1  0  0 37  0  0 35 31  0 13  0 35  0  0 35  0 37  0  0  0 15 31  0 32 31  0 31 37 35  0 15 31  0 37 35 32 35  0 35 32 32  1 31  0  0 31  0 37  0 37
 31  0  0  0 37 37  0  0  0 41 37  1 37  0  0 37  0  2 37  0  0 31  0 41  0 41 41 37 11  0 28 11  0 41 28 31 13  0 13  0  0  0  0  0  0  0 11 31  0  0 28 28 20  0  0  0 28 28  0  0 31  0  0 31 37 28  0  0  0  1  0  0 41 28  0  0  0  0 20  0  0 41 31  0 37  0 41  0  1 41  0 13  0  1  0 37 31  8 28 31  0 31 20 41  7 37 31 37  0 41 28 41  0 41 28 28  0 31  0  0 31  0  8  0 11
 41  0  0  0 35 35  0  0  0 18 35  0 35  0  0 35  0  0 35  0  0 41  0 18  0 13 11 35 41  0 31 41  0  6 31 41 41  0 41  0  0  0  0  0  0  0 41 41  0  0 31 31 41  0  4  0 31 31  0  0 41  0  0 41 35 31  0  0  0  0  1  0 11 31  0  0  0  0 41  0  0 13 41  0 35  5 18  0  0 17  0 41  1  0  0 35 41  0 31 41  0 41 41 11  0 35 41 35 41  0 31 13  0 17 31 31  0 41  0  0 41  3 41  0 41
 39  8  0  1 32 32  0  0  0 31 32  0 32  0  0 32  0  0 32  0  0 39  0 31  0 31 31 32 28  0 20 28  0 31 22 39 28  0 28  3  0  0  0  0  0  0 28 39  0  1 15 15 28  0  0  0 15 22  0  0 39  0  0 39 32 20  0  3  0  0  0  0 31 10  0  6  0  0 28  0  0 31 39  0 32  0 31  0  0 31  0 28  0  0  1 32 39  0 15 39  0 39 28 31  1 32 39 32 28 31  0 31  0 31 15  4  0 39  0  0 39  0 28  0 28
 41  0  0  0 35 35  2  0  0 17 35  0 35  0  0 35  0  0 35  0  0 41  0 17  0  3 20 35 41  0 31 41  0 13 31 41 41  0 41  0  0  0  0  0  0  1 41 41  0  0 31 31 41  0  0  9 31 31  0  0 41  0  0 41 35 31  1  0  0  0  0  0 20 31  1  0  0  0 41  0  0  1 41  0 35  0 17  5  0 19  0 41  1  0  0 35 41  0 31 41  0 41 41 20  0 35 41 35 41 13 31  0  0 19 31 31  0 41  0  0 41  0 41  0 41
  0 15 21 39  0  0 32 32 39  0  0 28  0 39 21  0 28 28  0 32 32  0 32  0 31  0  0  0  0 28  0  0 39  0  2  0  0 21  0 21 28 39 32 32 21 31  0  0 31 12  9  0  0 28 31 31  7  0 39 32  0 28 28  0  0  0 32 31 28 39 31 31  0  0 12 15 32 32  0 21  6  0  0 32  0 31  0 31 28  0 39  0 31 39 28  0  0 28  0  0 12  0  0  0 28  1  0  0  0  0  0  0  0  0  4  0 32  0 39 39  0 31  0 39  0
 41  0  0  0 35 35  0  0  0 22 35  0 35  0  0 35  0  0 35  0  0 41  0 22  0 19 19 35 41  0 31 41  0 17 31 41 41  0 41  0  0  0  0  0  0  7 41 41  6  0 31 31 41  0  0  0 31 31  0  0 41  0  0 41 35 31  0  2  0  0  1  0 19 31  0  0  0  0 41  0  0 19 41  0 35  0 22  0  0  8  0 41  0  0  0 35 41  0 31 41  0 41 41 19  0 35 41 35 41 17 31 19  0  0 31 31  0 41  0  0 41  1 41  0 41
 39  0  0  0 32 32  0  0  0 31 32  0 32  0  0 32  0  0 32  0  0 39  0 31  0 31 31 32 28  0 12 28  0 31 21 39 28  0 28  0  0  0  0  0  0  0 28 39  0  2  8 21 28  0  0  0  1 21  0  0 39  0  0 39 32 12  0  0  0  0  0  0 31 15  0  0  0  0 28  0  5 31 39  0 32  0 31  0  0 31  0 28  0  0  1 32 39  0 21 39  0 39 28 31  1 32 39 32 28 31 15 31  4 31  0 15  0 39  0  0 39  0 28  0 28
 39  9  0  0 32 32  0  0  0 31 32  0 32  0  0 32  0  0 32  0  0 39  0 31  0 31 31 32 28  0 20 28  0 31 22 39 28  0 28  0  0  0  0  0  0  0 28 39  0  0 15 15 28  0  0  0 15 22  0  0 39  0  0 39 32 20  0  0  1  0  0  0 31  7  0 10  0  0 28  0  0 31 39  0 32  0 31  0  0 31  0 28  0  0  0 32 39  0 15 39  0 39 28 31  0 32 39 32 28 31  4 31  0 31 15  0  0 39  0  0 39  0 28  0 28
  0 32 32 31  0  0 20 19 31  0  5 37  0 31 32 10 37 37  0 19 23  0 19  0 35  0  0  0  0 37  0  0 31  0  1  0  0 32  0 32 37 31 20 24 32 35  0  0 35 32  0  0  0 37 35 35  0  0 31 23  0 37 37  0  8  0 23 35 37 31 35 35  0  0 32 32 20 24  0 32 32  0  0  9  0 35  0 35 37  0 31  0 35 31 37  0  0 37  0  0 32  0  0  0 37  1  0  1  0  0  0  0 32  0  0  0  0  0 31 31  0 35  0 31  0
 25  0  0  0 31 31  0  0  0 41 31  0 31  2  0 31  1  0 31  0  0 24  0 41  0 41 41 31 31  0 39 31  5 41 39 24 31  0 31  0  0  0  0  0  0  0 31 25  0  0 39 39 31  0  0  0 39 39  0  0 25  0  0 12 31 39  0  0  0  0  0  0 41 39  0  1  0  0 31  0  0 41 24  0 31  0 41  0  0 41  0 31  0  0  0 31  4  0 39 25  0 25 31 41  0 31 12 31 31 41 39 41  0 41 39 39  0  0 10  3 12  0 31  0 31
  0 39 39 25  0  0 31 31 24  0  0 31  0 12 39  0 31 31  0 31 31  0 31  0 41  0  0  0  0 31  0  0  9  0  0  1  0 39  0 39 31 25 31 31 39 41  0  0 41 39  0  0  0 31 41 41  0  0 25 31  0 31 31  0  0  0 31 41 31 12 41 41  0  0 39 39 31 31  0 39 39  0  0 31  0 41  0 41 31  0 25  0 41 24 31  0  9 31  0  0 39  0  0  0 31  0  0  0  0  0  0  0 39  0  0  0 31 10  0  6  2 41  0 25  0
  0 39 39 25  0  0 31 31 24  0  0 31  0 12 39  0 31 31  0 31 31  0 31  0 41  0  0  0  0 31  0  0  5  0  0  0  1 39  0 39 31 25 31 31 39 41  0  0 41 39  0  0  0 31 41 41  0  0 25 31  0 31 31  1  0  0 31 41 31 12 41 41  0  0 39 39 31 31  0 39 39  0  1 31  0 41  0 41 31  0 25  0 41 24 31  0  6 31  0  0 39  0  0  0 31  0  0  0  0  0  0  0 39  0  0  0 31  3  6  0  0 41  0 25  0
 20  0  0  1 31 31  0  0  0 41 31  0 31  4  0 31  0  0 31  0  0 20  0 41  0 41 41 31 31  0 39 31  0 41 39 20 31  0 31  0  0  0  0  0  0  0 31 20  0  0 39 39 31  0  0  0 39 39  0  0 20  0  0 10 31 39  0  0  0  3  0  0 41 39  0  0  0  0 31  0  0 41 20  0 31  0 41  0  0 41  0 31  0  0  0 31 12  0 39 23  0 23 31 41  2 31  6 31 31 41 39 41  0 41 39 39  0 12  2  0  0  0 31  0 31
  0 31 31 41  0  0 35 35 41  0  0 41  0 41 31  0 41 41  0 35 35  0 35  0  7  0 10  0  0 41  0  0 41  0  0  0  0 31  0 31 41 41 35 35 31 19  0  0 19 31  0  0  0 41 11 20  0  1 41 35  0 41 41  0  0  0 35 19 41 41 14 14  5  0 31 31 35 35  0 31 31  0  0 35  0 11  0 20 41  0 41  0 11 41 41  0  0 41  0  0 31  0  0  3 41  0  0  0  0  3  0  0 31  1  0  0 35  0 41 41  0  0  0 41  0
 31  0  0  0 37 37  0  0  0 41 37  0 37  1  0 37  1  2 37  0  0 31  0 41  0 41 41 37 11  0 28 11  0 41 28 31 13  0 13  0  0  0  0  1  0  0 11 31  0  0 28 28 20  0  0  0 28 28  0  0 31  0  0 31 37 28  0  0  0  0  0  0 41 28  0  1  0  0 20  0  0 41 31  0 37  0 41  0  0 41  0 13  0  0  0 37 31  5 28 31  0 31 20 41  5 37 31 37  8 41 28 41  0 41 28 28  0 31  0  0 31  0  0  0 11
  4 39 39 15  0  0 31 31 23  0  0 31  0 20 39  0 31 31  0 31 31  0 31  0 41  0  0  0  0 31  0  0 25  0  0  0  0 39  0 39 31 15 31 31 39 41  0  3 41 39  0  0  0 31 41 41  0  0 15 31  4 31 31  0  0  0 31 41 31 20 41 41  0  0 39 39 31 31  0 39 39  0  0 31  0 41  0 41 31  0  1  0 41 23 31  0  0 31  0  0 39  0  0  0 31  0  0  0  0  0  0  0 39  0  0  0 31  0 25 25  0 41  0  0  0
 31  0  0  0 37 37  0  0  0 41 37  0 37  0  0 37  2  0 37  0  0 31  0 41  0 41 41 37 20  0 28 20  0 41 28 31 24  0 24  0  0  0  0  0  0  0  3 31  0  0 28 28 24  4  0  0 28 28  0  0 31  1  2 31 37 28  0  0  0  0  0  0 41 28  0  1  0  0 24  0  0 41 31  0 37  0 41  0  0 41  0 24  0  0  4 37 31  0 28 31  0 31 24 41  0 37 31 37 11 41 28 41  0 41 28 28  0 31  0  0 31  0 11  0  0
