        125

  0  0  0  0 37 36  0 37 30 30 37  6  0  0 37  0 36  0 36 37  0  0 37  0  0 37 36  0  0  0  0 37  0  0  0 37 17  0 14  0  0 36  0 14 36  0  0 30  0 30 37  0  0  0  0  0  0 36 37 36 16  0 37  0  0  0 37 30  4  5  0  1 17  6 37  2  0  0  0 30 17  0 37 30 37 16  0 37  0 36 16  0  0 37  0  0  0  0  0  0 30  0 37 37 37 30 36 36  1  0 17 37 37  0 30 14 30  0 30 30  0 36  0 37 37
  0  0  0  0 38 33  0 38 38 38 38  0  0  0 38  0 33  0 33 12  0  0 12  0  0 11 33  0  0  1  0  2  0  0  0 38 37  0 37  0  0 33  0 37 33  0  0 38  0 38 38  0  0  0  0  0  0 33 38 33 37  0 38  0  0  0 22 38  0 37  0  0 37  0 11 37  1  0  0 38 37  0 38 38 11 37  0 38  0 33 37  0  1 18  0  0  0  0  0  0 38  4 38 18  7 38 33 33  0 10 37 38 12  0 38 37 38  0 38 38  0 33  0 38 22
  0  0  0  0 32 13  0 32 35 35 32  0  0  0 32  0 24  0 12 33  0  1 33  0  0 33 13  0  0  0  0 33  0  0  0 32 36  0 36  0  0 12  0 36 20  0  1 35  0 35 32  0  0  0  0  0  0 20 32  5 36  0 32  0  0  0 33 35  0 36  0  0 36  0 33 36  1  4  0 35 36  0 32 35 33 36  0 32  0 24 36  0  0 33  0  0  0  0  4  0 35  0 32 33 33 35 24  5  0  0 36 32 33  0 35 36 35  0 35 35  0 12  0 32 33
  0  0  0  0 34 35  0 34 16 14 34  0  0  0 34  0 35  0 35 38  1  0 38  0  0 38 35  0  0  0  0 38  0  0  4 34 30  0 30  0  0 35  1 30 35  0  0 18  0 18 34  0  0  0  0  0  1 35 34 35 30  0 34  0  0  0 38  2  0 30  0  5 30  0 38 30  0  0  0 16 30  0 34 14 38 30  0 34  0 35 30  0  0 38  0  0  0  0  0  0 11  0 34 38 38 14 35 35  0  0 30 34 38  0 11 30 16  0  4 18  0 35  0 34 38
 37 38 32 34  0  0 15  1  0  0  0 37 14 38  1 32  0 34  0  0 37 32  0 38 34  0  0 32 37 38 38  0 37 38 34  0  0  5  0 38 32  0 34  0  0 37 34  0 37  0  0 14 34 34 21 32 32  0  7  0  0 38  0 14 15 34  0  0 37  0 10 34  0 37  0  0 32 32 14  0  0 37  0  0  0  0 37  0 32  0  0 34 38  0 34 32 38 21 32 37  0 38  0  0  0  0  0  0 37 38  0  0  0 21  0  0  0 14  0  0 32  0 38  0  0
 36 33 13 35  0  0 32  0  0  0  0 36 32 33  0 16  0 35  0  0 36 20  0 33 35  0  2 10 36 33 33  1 36 33 35  0  0 32  0 33 20  0 35  0  0 36 35  0 36  0  0 32 35 35 32 16 20  0  0  0  0 33  0 32 32 35  0  0 36  0 32 35  0 36  0  0  9 13 32  0  0 36  0  0  0  0 36  0 20  0  0 35 33  0 35 20 33 32 13 36  0 33  0  0  0  0  0  3 36 33  0  0  0 32  0  0  0 32  0  0  8  0 33  0  0
  0  0  0  0 15 32  0 24 34 34 23  0  0  0 15  0 32  0 32 38  0  0 38  0  0 38 32  0  0  0  0 38  1  0  0 24 37  0 37  0  0 32  0 37 32  0  0 34  0 34  8  0  0  0  0  0  0 32 15 32 37  0  8  0  5  0 38 34  0 37  1  0 37  0 38 37  0  0  0 34 37  0 11 34 38 37  1 11  0 32 37  0  0 38  0  0  0  0  0  0 34  0 24 38 38 34 32 32  0  0 37  4 38  0 34 37 34  0 34 34  0 32  0 23 38
 37 38 32 34  1  0 24  0  0  0  0 37 15 38  0 32  0 34  0  0 37 32  0 38 34  0  0 32 37 38 38  0 37 38 34  2  0 14  0 38 32  0 34  0  0 37 34  0 37  1  0  2 34 34 12 32 32  0  0  0  0 38  0  9 24 34  0  0 37  0 14 34  0 37  0  0 32 32 15  0  0 37  0  0  0  0 37  0 32  0  0 34 38  0 34 32 38 12 32 37  0 38 10  0  0  0  1  0 37 38  0  0  0 12  0  0  0 15  0  0 32  0 38  0  0
 30 38 35 16  0  0 34  0  0  0  0 30 34 38  0 35  0 25  0  0 30 35  0 38 20  0  0 35 30 38 38  0 30 38 16  0  0 34  0 38 35  0 20  0  0 30 20  0 30  1  0 34  9 11 34 35 35  0  0  0  0 38  0 34 34 25  0  0 30  0 34 16  0 30  0  0 35 35 34  6  0 30  0  0  1  0 30  0 35  0  0  1 38  0 11 35 38 34 35 30  0 38  0  0  0  0  1  0 30 38  0  0  0 34  0  0  5 34  0  0 35  0 38  0  0
 30 38 35 14  0  0 34  0  0  0  0 30 34 38  1 35  0 22  0  0 30 35  0 38 22  1  0 35 30 38 38  0 30 38 14  0  0 34  0 38 35  1 22  0  0 30 22  0 30  0  0 34 11  5 34 35 35  0  0  0  0 38  0 34 34 22  0  0 30  0 34 14  0 30  0  0 35 35 34  2  0 30  0  8  0  0 30  0 35  0  0 11 38  0  8 35 38 34 35 30  0 38  0  0  0  3  0  0 30 38  0  0  0 34  0  0  0 34  0  0 35  0 38  0  0
 37 38 32 34  0  0 23  0  0  0  0 37 21 38  0 32  0 34  0  0 37 32  0 38 34  0  0 32 37 38 38  0 37 38 34  0  0 21  0 38 32  0 34  0  0 37 34  0 37  0  0 12 34 34  5 32 32  0  0  0  0 38  0 12 23 34  0  0 37  0 21 34  0 37  0  0 32 32 21  0  0 37  0  0  0  0 37  2 32  0  0 34 38  0 34 32 38  8 32 37  0 38  0  0  0  0  0  0 37 38  0  0  0  3  0  0  0 21  0  0 32  0 38  3  0
  6  0  0  0 37 36  0 37 30 30 37  0  0  0 37  0 36  0 36 37  0  0 37  0  0 37 36  0  4  0  0 37  0  0  0 37  3  0 17  0  0 36  0 17 36  0  0 30  0 30 37  0  0  0  1  0  0 36 37 36 23  0 37  0  0  0 37 30  0 17  0  0 13  0 37 17  0  0  0 30 13  6 37 30 37 23  0 37  0 36 23  0  0 37  0  0  0  0  0  0 30  0 37 37 37 30 36 36  2  0  4 37 37  0 30 17 30  0 30 30  0 36  0 37 37
  0  0  0  0 14 32  0 15 34 34 21  0  0  0 14  0 32  0 32 38  0  0 38  0  0 38 32  0  0  0  0 38  0  0  0 15 37  0 37  0  0 32  0 37 32  0  0 34  0 34 11  0  0  0  0  0  0 32 14 32 37  0 11  0  0  0 38 34  0 37  0  0 37  0 38 37  0  0 10 34 37  1  9 34 38 37  0  9  0 32 37  0  0 38  0  0  0  0  2  0 34  0 15 38 38 34 32 32  0  0 37 11 38  2 34 37 34  8 34 34  0 32  0 21 38
  0  0  0  0 38 33  0 38 38 38 38  0  0  0 38  0 33  0 33 12  0  0 12  4  0  6 33  0  0  0  0 11  0  5  0 38 37  0 37  0  0 33  0 37 33  0  0 38  0 38 38  0  0  1  0  0  0 33 38 33 37  0 38  0  0  0 12 38  0 37  0  0 37  0  9 37  0  0  0 38 37  0 38 38  9 37  0 38  0 33 37  0  0 14  0  0  0  0  0  0 38  0 38 14 11 38 33 33  0  0 37 38 12  0 38 37 38  0 38 38  0 33  0 38 12
 37 38 32 34  1  0 15  0  0  1  0 37 14 38  0 32  1 34  0  0 37 32  0 38 34  0  0 32 37 38 38  0 37 38 34  0  0  9  1 38 32  0 34  0  0 37 34  0 37  0  0 14 34 34 21 32 32  0  4  0  0 38  0 14 15 34  0  0 37  0  5 34  0 37  0  0 32 32 14  0  0 37  0  0  0  0 37  0 32  0  0 34 38  0 34 32 38 21 32 37  0 38  3  0  0  0  0  0 37 38  0  0  0 21  0  0  0 14  0  0 32  0 38  0  0
  0  0  0  0 32 16  0 32 35 35 32  0  0  0 32  0 18  0  7 33  0  0 33  0  0 33 16  0  0  0  0 33  0  0  0 32 36  0 36  0  2 10  0 36 14  0  0 35  0 35 32  0  0  0  0  6  0 14 32 12 36  0 32  0  0  0 33 35  0 36  0  0 36  0 33 36  0  0  0 35 36  0 32 35 33 36  0 32  0 18 36  0  0 33  0  0  0  0  0  0 35  0 32 33 33 35 18 12  0  0 36 32 33  0 35 36 35  0 35 35  0  7  0 32 33
 36 33 24 35  0  0 32  0  0  0  0 36 32 33  1 18  0 35  0  0 36 19  1 33 35  0  0 20 36 33 33  0 36 33 35  0  0 32  0 33  7  3 35  0  0 36 35  0 36  0  0 32 35 35 32 18 19  0  0  0  0 33  0 32 32 35  0  0 36  0 32 35  0 36  0  0 20 24 32  0  0 36  0  0  0  0 36  0  4  6  0 35 33  0 35 19 33 32 24 36  0 33  0  0  0  0  3  0 36 33  0  0  0 32  0  0  0 32  0  0 20  0 33  0  0
  0  0  0  0 34 35  0 34 25 22 34  0  0  0 34  0 35  0 35 38  0  0 38  1  0 38 35  0  0  0  0 38  0  0  0 34 30  0 30  0  1 35  0 30 35  0  0  9  0 10 34  0  1  0  0  0  0 35 34 35 30  0 34  0  0  3 38 18  0 30  1  0 30  0 38 30  0  0  0 25 30  0 34 22 38 30  0 34  0 35 30  0  0 38  0  0  0  0  0  0 24  0 34 38 38 22 35 35  0  0 30 34 38  0 24 30 25  0 18  9  0 35  0 34 38
 36 33 12 35  0  0 32  0  0  0  0 36 32 33  0  7  0 35  0  0 36 14  0 33 35  0  0 16 36 33 33  0 36 33 35  0  0 32  0 33 18  3 35  0  0 36 35  0 36  1  0 32 35 35 32  5 14  0  0  0  0 33  0 32 32 35  0  0 36  0 32 35  0 36  0  0 16 12 32  0  0 36  0  0  0  0 36  0 18  0  0 35 33  0 35 14 33 32 12 36  0 33  0  0  0  0  0  0 36 33  0  0  2 32  0  0  0 32  0  0 16 10 33  0  0
 37 12 33 38  0  0 38  0  0  0  0 37 38 12  0 33  0 38  0  0 37 33  8  6 38  0  0 33 37 13 23  0 37 12 38  0  0 38  0 23 33  0 38  0  0 37 38  0 37  0  0 38 38 38 38 33 33  0  0  0  0  4  0 38 38 38  0  0 37  0 38 38  0 37  2  0 33 33 38  0  0 37  0  0  0  0 37  0 33  1  0 38 23  0 38 33 13 38 33 37  0 12  0  0  0  0  0  0 37 12  0  0  8 38  0  0  0 38  0  0 33  1 13  0  0
  0  0  0  1 37 36  0 37 30 30 37  0  0  0 37  0 36  0 36 37  0  0 37  0  0 37 36  0  0  0  0 37  0  0  0 37 13  0 16  0  0 36  1 16 36 10  0 30  0 30 37  0  0  0  0  0  0 36 37 36 25  0 37  0  0  0 37 30  0 17  0  0  2  0 37 17  0  0  0 30  5  3 37 30 37 25  0 37  0 36 25  0  0 37  0  0  0  0  0  0 30  0 37 37 37 30 36 36  7  0 13 37 37  0 30 16 30  0 30 30  0 36  0 37 37
  0  0  1  0 32 20  0 32 35 35 32  0  0  0 32  0 19  0 14 33  0  0 33  0  0 33 20  0  0  0  0 33  0  0  0 32 36  0 36  0  0 14  0 36  6  0  0 35  0 35 32  0  0  0  0  0  7  6 32 20 36  0 32  0  0  0 33 35  0 36  0  0 36  0 33 36  0  0  0 35 36  0 32 35 33 36  0 32  0 19 36  0  1 33  0  1  0  0  0  0 35  0 32 33 33 35 19 20  0  0 36 32 33  0 35 36 35  0 35 35  0 14  0 32 33
 37 12 33 38  0  0 38  0  0  0  0 37 38 12  0 33  1 38  0  8 37 33  0  2 38  0  0 33 37 13 23  0 37 12 38  0  0 38  0 23 33  0 38  0  0 37 38  0 37  0  0 38 38 38 38 33 33  0  0  0  0  3  0 38 38 38  0  0 37  0 38 38  0 37  0  0 33 33 38  0  0 37  0  0  0  0 37  0 33  0  0 38 23  0 38 33 13 38 33 37  0 12  0  0  0  0  0  0 37 12  0  0  6 38  0  0  0 38  0  0 33  0 13  0  0
  0  0  0  0 38 33  0 38 38 38 38  0  0  4 38  0 33  1 33  6  0  0  2  0  0 12 33  0  0  0  0 12  1  0  0 38 37  0 37  0  0 33  0 37 33  0  0 38  0 38 38  0  0  0  0  0  0 33 38 33 37  3 38  0  0  0 23 38  0 37  0  0 37  0 12 37  0  0  0 38 37  0 38 38 12 37  0 38  0 33 37  0  0 13  0  0  0  0  0  0 38  0 38 13 12 38 33 33  0  0 37 38  2  0 38 37 38  0 38 38  0 33  0 38 23
  0  0  0  0 34 35  0 34 20 22 34  0  0  0 34  0 35  0 35 38  0  0 38  0  0 38 35  0  0  0  0 38  0  0  0 34 30  0 30  0  0 35  4 30 35  0  2 24  0 24 34  0  0  0  0  0  0 35 34 35 30  0 34  0  0  0 38 11  0 30  0  2 30  0 38 30  0  0  1 20 30  0 34 22 38 30  0 34  0 35 30  0  0 38  0  0  0  0  0  0  1  0 34 38 38 22 35 35  0  0 30 34 38  0  8 30 20  0 11 24  0 35  0 34 38
 37 11 33 38  0  0 38  0  0  1  0 37 38  6  0 33  0 38  0  0 37 33  0 12 38  0  0 33 37 14 12  0 37  1 38  0  0 38  0 12 33  0 38  0  0 37 38  0 37  0  0 38 38 38 38 33 33  0  0  0  0 12  0 38 38 38  0  0 37  0 38 38  0 37  4  0 33 33 38  0  0 37  0  0  3  0 37  0 33  0  0 38 12  0 38 33 14 38 33 37  0 11  0  0  0  0  0  0 37 11  0  0  0 38  0  0  0 38  0  0 33  0 14  0  0
 36 33 13 35  0  2 32  0  0  0  0 36 32 33  0 16  0 35  0  0 36 20  0 33 35  0  0  2 36 33 33  0 36 33 35  0  0 32  0 33 20  0 35  0  0 36 35  0 36  0  0 32 35 35 32 16 20  0  0  1  0 33  0 32 32 35  0  0 36  0 32 35  0 36  0  0  8 13 32  0  0 36  0  0  0  0 36  0 20  0  0 35 33  0 35 20 33 32 13 36  0 33  0  0  0  0  0  0 36 33  0  0  0 32  0  0  0 32  0  0  8  0 33  0  0
  0  0  0  0 32 10  0 32 35 35 32  0  0  0 32  0 20  0 16 33  0  0 33  0  0 33  2  0  0  0  1 33  0  0  0 32 36  0 36  0  0 16  0 36 20  0  0 35  0 35 32  0  0  0  0  0  1 20 32 13 36  0 32  0  0  0 33 35  0 36  0  0 36  0 33 36  6  0  0 35 36  0 32 35 33 36  0 32  0 20 36  0  0 33  0  0  0  0  1  0 35  1 32 33 33 35 20 13  0  0 36 32 33  1 35 36 35  0 35 35  1 16  0 32 33
  0  0  0  0 37 36  0 37 30 30 37  4  0  0 37  0 36  0 36 37  0  0 37  0  0 37 36  0  0  0  0 37  0  0  1 37  1  0 17  0  0 36  0 17 36  2  0 30  0 30 37  0  0  0  0  0  0 36 37 36 23  0 37  0  0  0 37 30  0 17  0  0 13  1 37 17  0  0  0 30 13  8 37 30 37 23  0 37  0 36 23  0  0 37  0  0  0  0  0  0 30  0 37 37 37 30 36 36  0  0  8 37 37  0 30 17 30  0 30 30  0 36  0 37 37
  0  1  0  0 38 33  0 38 38 38 38  0  0  0 38  0 33  0 33 13  0  0 13  0  0 14 33  0  0  0  0 18  0  0  0 38 37  0 37  0  0 33  0 37 33  0  0 38  0 38 38  0  0  0  0  0  0 33 38 33 37  0 38  0  0  0 23 38  0 37  0  0 37  0 14 37  0  0  0 38 37  0 38 38 14 37  0 38  0 33 37  0  0  8  0  0  9  1  0  0 38  0 38  2 18 38 33 33  0  0 37 38 13  0 38 37 38  0 38 38  0 33  6 38 23
  0  0  0  0 38 33  0 38 38 38 38  0  0  0 38  0 33  0 33 23  0  0 23  0  0 12 33  1  0  0  0 22  0  0  0 38 37  0 37  6  0 33  0 37 33  0  0 38  0 38 38  0  0  0  0  0  0 33 38 33 37  0 38  0  0  0  9 38  0 37  0  0 37  0 12 37  0  0  0 38 37  0 38 38 12 37  0 38  0 33 37  0  5 23  0  0  0  0  0  0 38  0 38 23 22 38 33 33  0  0 37 38 23  0 38 37 38  0 38 38  0 33  0 38  3
 37  2 33 38  0  1 38  0  0  0  0 37 38 11  0 33  0 38  0  0 37 33  0 12 38  0  0 33 37 18 22  0 37 11 38  0  0 38  0 22 33  0 38  0  3 37 38  0 37  0  0 38 38 38 38 33 33  0  0  0  0 12  0 38 38 38  0  0 37  0 38 38  0 37  0  0 33 33 38  0  0 37  0  0  0  0 37  0 33  0  0 38 22  1 38 33 18 38 33 37  0  4  0  0  1  0  0  0 37  2  0  0  0 38  0  0  0 38  0  0 33  0 18  0  0
  0  0  0  0 37 36  1 37 30 30 37  0  0  0 37  0 36  0 36 37  0  0 37  1  0 37 36  0  0  0  0 37  0  0  0 37 17  0  6  0  0 36  0  5 36  0  0 30  1 30 37  0  0  0  0  0  0 36 37 36 25  0 37  1  0  0 37 30  0 14  0  0 16  0 37 14  0  0  0 30 16  0 37 30 37 25  1 37  0 36 25  0  0 37  0  0  0  0  0  0 30  0 37 37 37 30 36 36  0  0 17 37 37  0 30  9 30  0 30 30  0 36  0 37 37
  0  0  0  0 38 33  0 38 38 38 38  0  0  5 38  0 33  0 33 12  0  0 12  0  0  1 33  0  0  0  0 11  0  0  0 38 37  0 37  0  0 33  0 37 33  0  0 38  0 38 38  0  0  0  0  0  0 33 38 33 37  2 38  0  0  0 12 38  0 37  0  0 37  0  8 37  0  0  0 38 37  0 38 38  2 37  0 38  0 33 37  0  0 14  0  0  0  0  0  0 38  0 38 14 11 38 33 33  0  0 37 38 12  0 38 37 38  0 38 38  0 33  0 38 12
  0  0  0  4 34 35  0 34 16 14 34  0  0  0 34  0 35  0 35 38  0  0 38  0  0 38 35  0  1  0  0 38  0  0  0 34 30  0 30  0  0 35  0 30 35  0  2 18  0 18 34  0  0  0  0  0  0 35 34 35 30  0 34  0  0  0 38  3  0 30  0  2 30  0 38 30  0  0  0 16 30  0 34 14 38 30  0 34  0 35 30  0  0 38  0  0  0  0  0  0 11  0 34 38 38 14 35 35  0  0 30 34 38  0 11 30 16  0  9 18  0 35  0 34 38
 37 38 32 34  0  0 24  2  0  0  0 37 15 38  0 32  0 34  0  0 37 32  0 38 34  0  0 32 37 38 38  0 37 38 34  0  0 14  0 38 32  0 34  0  0 37 34  0 37  0  1  2 34 34 12 32 32  0  1  0  0 38  0  9 24 34  0  0 37  0 14 34  0 37  0  0 32 32 15  0  0 37  0  0  0  0 37  0 32  1  0 34 38  0 34 32 38 12 32 37  0 38  4  0  0  0  0  0 37 38  0  0  0 12  0  0  0 15  0  0 32  0 38  0  0
 17 37 36 30  0  0 37  0  0  0  0  3 37 37  0 36  0 30  0  0 13 36  0 37 30  0  0 36  1 37 37  0 17 37 30  0  0 37  0 37 36  0 30  0  0 13 30  0 17  0  0 37 30 30 37 36 36  0  0  0  0 37  0 37 37 30  0  0 17  0 37 30  0 17  0  2 36 36 37  0  2  5  0  0  0  0 23  2 36  0  0 30 37  0 30 36 37 37 36 23  0 37  0  0  0  0  0  0 13 37  3  0  0 37  0  0  0 37  1  0 36  0 37  0  0
  0  0  0  0  5 32  0 14 34 34 21  0  0  0  9  0 32  0 32 38  0  0 38  0  0 38 32  0  0  0  0 38  0  0  0 14 37  0 37  0  0 32  0 37 32  0  0 34  0 34 15  2  0  0  0  1  0 32  8 32 37  0 15  0  0  0 38 34  0 37 10  0 37  0 38 37  0  0  0 34 37  0 14 34 38 37  0 14  1 32 37  0  0 38  0  0  0  0  0  0 34  0 14 38 38 34 32 32  0  0 37 15 38  0 34 37 34  0 34 34  0 32  0 21 38
 14 37 36 30  0  0 37  0  0  0  0 17 37 37  1 36  0 30  0  0 16 36  0 37 30  0  0 36 17 37 37  0  6 37 30  0  0 37  0 37 36  0 30  7  0 16 30  0  1  0  0 37 30 30 37 36 36  0  0  0  1 37  0 37 37 30  0  0 14  0 37 30  0 14  0  0 36 36 37  0  0 17  0  0  0  0 25  0 36  0  0 30 37  0 30 36 37 37 36 25  0 37  0  0  0  0  0  0 16 37  0  0  0 37  0  1  0 37  0  0 36  0 37  0  0
  0  0  0  0 38 33  0 38 38 38 38  0  0  0 38  0 33  0 33 23  0  0 23  0  0 12 33  0  0  0  6 22  0  0  0 38 37  0 37  0  0 33  0 37 33  0  0 38  0 38 38  0  0  0  0  0  0 33 38 33 37  0 38  0  0  0  2 38  0 37  0  0 37  0 12 37  0  0  0 38 37  0 38 38 12 37  0 38  0 33 37  0  2 23  0  0  1  0  0  0 38  0 38 23 22 38 33 33  0  1 37 38 23  0 38 37 38  0 38 38  0 33  0 38  6
  0  0  0  0 32 20  0 32 35 35 32  0  0  0 32  2  7  1 18 33  0  0 33  0  0 33 20  0  0  0  0 33  0  0  0 32 36  0 36  0  0 18  0 36 19  0  0 35  0 35 32  0  0  0  0  0  0 19 32 24 36  0 32  1  0  0 33 35  0 36  0  0 36  0 33 36  0  0  0 35 36  0 32 35 33 36  0 32  5  1 36  0  0 33  0  0  0  0  0  0 35  0 32 33 33 35  5 24  0  0 36 32 33  0 35 36 35  0 35 35  0 18  0 32 33
 36 33 12 35  0  0 32  0  0  1  0 36 32 33  0 10  3 35  3  0 36 14  0 33 35  0  0 16 36 33 33  0 36 33 35  0  0 32  0 33 18  0 35  0  0 36 35  0 36  0  0 32 35 35 32  5 14  0  0  0  1 33  0 32 32 35  0  0 36  0 32 35  0 36  0  0 16 12 32  0  0 36  0  0  0  0 36  0 18  0  0 35 33  0 35 14 33 32 12 36  0 33  0  0  0  0  0  0 36 33  0  0  0 32  0  0  0 32  0  0 16  9 33  0  0
  0  0  0  1 34 35  0 34 20 22 34  0  0  0 34  0 35  0 35 38  1  0 38  0  4 38 35  0  0  0  0 38  0  0  0 34 30  0 30  0  0 35  0 30 35  0  5 24  0 24 34  0  0  0  0  0  0 35 34 35 30  0 34  0  0  0 38 11  0 30  0  0 30  0 38 30  0  0  0 20 30  0 34 22 38 30  0 34  0 35 30  0  0 38  0  0  0  0  1  0  9  0 34 38 38 22 35 35  0  0 30 34 38  0 10 30 20  0 11 24  0 35  0 34 38
 14 37 36 30  0  0 37  0  0  0  0 17 37 37  0 36  0 30  0  0 16 36  0 37 30  0  0 36 17 37 37  0  5 37 30  0  0 37  7 37 36  0 30  0  0 16 30  0  7  0  0 37 30 30 37 36 36  0  0  0  0 37  0 37 37 30  0  0 14  0 37 30  0 14  0  0 36 36 37  0  0 17  0  0  0  1 25  0 36  0  0 30 37  0 30 36 37 37 36 25  0 37  0  0  0  1  0  0 16 37  0  0  0 37  0  8  0 37  0  0 36  0 37  0  0
 36 33 20 35  0  0 32  0  0  0  0 36 32 33  0 14  0 35  0  0 36  6  0 33 35  0  0 20 36 33 33  3 36 33 35  0  0 32  0 33 19  0 35  0  0 36 35  0 36  0  0 32 35 35 32 14  4  1  0  0  0 33  0 32 32 35  0  0 36  0 32 35  0 36  0  0 20 20 32  0  0 36  0  0  0  0 36  0 19  0  0 35 33  0 35  2 33 32 20 36  2 33  0  0  0  0  0  2 36 33  0  0  0 32  0  0  0 32  0  0 20  0 33  0  0
  0  0  0  0 37 36  0 37 30 30 37  0  0  0 37  0 36  0 36 37 10  0 37  0  0 37 36  0  2  0  0 37  0  0  0 37 13  0 16  0  0 36  0 16 36  0  0 30  0 30 37  0  0  0  0  0  0 36 37 36 25  0 37  0  0  0 37 30  0 17  0  0  8  0 37 17  0  0  0 30  5  0 37 30 37 25  0 37  0 36 25  0  0 37  0  0  0  0  0  0 30  0 37 37 37 30 36 36  7  0 13 37 37  0 30 16 30  0 30 30  0 36  0 37 37
  0  0  1  0 34 35  0 34 20 22 34  0  0  0 34  0 35  0 35 38  0  0 38  0  2 38 35  0  0  0  0 38  0  0  2 34 30  0 30  0  0 35  5 30 35  0  0 24  0 24 34  0  0  0  0  0  0 35 34 35 30  0 34  0  0  0 38 11  0 30  0  0 30  0 38 30  0  0  0 20 30  0 34 22 38 30  0 34  0 35 30  0  0 38  0  0  0  0  0  0  4  0 34 38 38 22 35 35  0  0 30 34 38  0  8 30 20  0 11 24  0 35  0 34 38
 30 38 35 18  0  0 34  0  0  0  0 30 34 38  0 35  0  9  0  0 30 35  0 38 24  0  0 35 30 38 38  0 30 38 18  0  0 34  0 38 35  0 24  0  0 30 24  0 30  7  0 34 25 22 34 35 35  0  0  0  0 38  0 34 34  1  0  0 30  0 34 18  0 30  0  0 35 35 34  0  0 30  0  0  0  0 30  0 35  0  0 25 38  0 22 35 38 34 35 30  0 38  0  0  0  0  0  0 30 38  0  0  0 34  0  0  0 34  0  2 35  0 38  0  0
  0  0  0  0 37 36  0 37 30 30 37  0  0  0 37  0 36  0 36 37  0  0 37  0  0 37 36  0  0  0  0 37  1  0  0 37 17  0  1  0  0 36  0  7 36  0  0 30  0 30 37  0  0  0  0  0  0 36 37 36 25  1 37  0  0  0 37 30  0 14  0  0 16  0 37 14  0  0  0 30 16  0 37 30 37 25  0 37  0 36 25  0  0 37  0  0  0  0  0  0 30  0 37 37 37 30 36 36  0  0 17 37 37  0 30  4 30  0 30 30  0 36  0 37 37
 30 38 35 18  0  0 34  1  1  0  0 30 34 38  0 35  0 10  1  0 30 35  0 38 24  0  0 35 30 38 38  0 30 38 18  0  0 34  0 38 35  0 24  0  0 30 24  7 30  0  0 34 25 22 34 35 35  0  0  0  0 38  1 34 34  9  0  0 30  0 34 18  0 30  0  0 35 35 34  0  0 30  0  0  0  0 30  0 35  0  0 25 38  0 22 35 38 34 35 30  0 38  0  0  0  1  2  0 30 38  0  0  0 34  0  0  0 34  0  3 35  0 38  0  0
 37 38 32 34  0  0  8  0  0  0  0 37 11 38  0 32  0 34  0  0 37 32  0 38 34  0  0 32 37 38 38  0 37 38 34  1  0 15  0 38 32  0 34  0  0 37 34  0 37  0  0 24 34 34 23 32 32  0  2  0  0 38  9 24 10 34  0  0 37  0 15 34  0 37  0  0 32 32 11  0  0 37  0  0  0  0 37  0 32  0  0 34 38  0 34 32 38 23 32 37  0 38  0  0  0  0  0  0 37 38  0  5  0 23  0  0  0 11  0  1 32  0 38  0  0
  0  0  0  0 14 32  0  2 34 34 12  0  0  0 14  0 32  0 32 38  0  0 38  0  0 38 32  0  0  0  0 38  0  0  0  2 37  2 37  0  0 32  0 37 32  0  0 34  0 34 24  0  0  0  0  0  0 32 14 32 37  0 24  4  0  0 38 34  0 37  0  0 37  0 38 37  0  0  0 34 37  0 15 34 38 37  0 15  0 32 37  0  0 38  0  0  0  0  0  0 34  0  6 38 38 34 32 32  0  0 37 24 38  0 34 37 34  0 34 34  0 32  0 12 38
  0  0  0  0 34 35  0 34  9 11 34  0  0  0 34  0 35  1 35 38  0  0 38  0  0 38 35  0  0  0  0 38  0  0  0 34 30  0 30  0  0 35  0 30 35  0  0 25  0 25 34  0  0  3  0  0  0 35 34 35 30  0 34  0  0  0 38 16  0 30  0  0 30  0 38 30  0  0  0  3 30  0 34 11 38 30  0 34  0 35 30  5  0 38  0  0  0  0  0  0 20  0 34 38 38 11 35 35  0  0 30 34 38  0 20 30  1  0 16 25  0 35  0 34 38
  0  0  0  0 34 35  0 34 11  5 34  0  0  1 34  0 35  0 35 38  0  0 38  0  0 38 35  0  0  0  0 38  0  0  0 34 30  0 30  0  0 35  0 30 35  0  0 22  0 22 34  0  3  0  0  0  0 35 34 35 30  0 34  0  0  0 38 14  0 30  0  0 30  0 38 30  0  0  0 11 30  0 34  3 38 30  1 34  0 35 30  0  0 38  8  0  0  0  0  0 22  0 34 38 38  7 35 35  0  0 30 34 38  0 22 30 11  0 14 22  0 35  0 34 38
  0  0  0  0 21 32  0 12 34 34  5  1  0  0 21  0 32  0 32 38  0  0 38  0  0 38 32  0  0  0  0 38  0  0  0 12 37  0 37  0  0 32  0 37 32  0  0 34  0 34 23  0  0  0  0  0  0 32 21 32 37  0 23  0  0  0 38 34  0 37  0  0 37  0 38 37  0  0  2 34 37  0 21 34 38 37  0 21  0 32 37  0  0 38  0  0  0  7  0  0 34  0 12 38 38 34 32 32  0  0 37 23 38  8 34 37 34  0 34 34  0 32  0  2 38
  0  0  0  0 32 16  0 32 35 35 32  0  0  0 32  6 18  0  5 33  0  0 33  0  0 33 16  0  0  0  0 33  0  0  0 32 36  1 36  0  0  5  0 36 14  0  0 35  0 35 32  0  0  0  0  0  0 14 32 12 36  0 32  0  1  0 33 35  0 36  0  0 36  0 33 36  0  0  0 35 36  0 32 35 33 36  0 32  2 18 36  0  0 33  0  0  0  0  0  0 35  0 32 33 33 35 18 12  0  0 36 32 33  0 35 36 35  0 35 35  0  5  0 32 33
  0  0  0  1 32 20  0 32 35 35 32  0  0  0 32  0 19  0 14 33  0  7 33  0  0 33 20  1  0  0  0 33  0  0  0 32 36  0 36  0  0 14  0 36  4  0  0 35  0 35 32  0  0  0  0  0  0  3 32 20 36  0 32  0  0  0 33 35  0 36  0  0 36  0 33 36  0  0  0 35 36  0 32 35 33 36  0 32  0 19 36  0  0 33  0  3  0  0  1  0 35  0 32 33 33 35 19 20  0  0 36 32 33  0 35 36 35  0 35 35  0 14  1 32 33
 36 33 20 35  0  0 32  0  0  0  0 36 32 33  0 14  0 35  0  0 36  6  0 33 35  0  0 20 36 33 33  0 36 33 35  0  0 32  0 33 19  0 35  0  1 36 35  0 36  0  0 32 35 35 32 14  3  0  0  1  0 33  0 32 32 35  0  2 36  0 32 35  0 36  0  0 20 20 32  0  0 36  0  0  0  0 36  0 19  0  0 35 33  0 35  8 33 32 20 36  0 33  0  0  1  0  0  0 36 33  0  0  0 32  1  0  0 32  0  0 20  0 33  0  0
 37 38 32 34  7  0 15  0  0  0  0 37 14 38  4 32  0 34  0  0 37 32  0 38 34  0  0 32 37 38 38  0 37 38 34  1  0  8  0 38 32  0 34  0  0 37 34  0 37  0  2 14 34 34 21 32 32  0  0  0  0 38  0 14 15 34  0  0 37  0  7 34  0 37  0  0 32 32 14  0  0 37  0  0  0  0 37  0 32  0  0 34 38  0 34 32 38 21 32 37  0 38  0  0  0  0  0  0 37 38  0  0  0 21  0  0  0 14  0  0 32  0 38  0  0
 36 33  5 35  0  0 32  0  0  0  0 36 32 33  0 12  0 35  0  0 36 20  0 33 35  0  1 13 36 33 33  0 36 33 35  0  0 32  0 33 24  0 35  0  0 36 35  0 36  0  0 32 35 35 32 12 20  1  0  0  0 33  0 32 32 35  0  0 36  0 32 35  0 36  0  0 13  6 32  0  0 36  3  0  0  0 36  0 24  0  0 35 33  0 35 20 33 32 10 36  0 33  0  1  0  0  0  1 36 33  0  0  0 32  0  0  0 32  0  0 13  0 33  1  0
 16 37 36 30  0  0 37  0  0  0  0 23 37 37  0 36  0 30  0  0 25 36  0 37 30  0  0 36 23 37 37  0 25 37 30  0  0 37  1 37 36  1 30  0  0 25 30  0 25  0  0 37 30 30 37 36 36  0  0  0  0 37  0 37 37 30  0  0 16  0 37 30  0 16  0  0 36 36 37  0  0 23  0  0  0  5  5  0 36  0  6 30 37  0 30 36 37 37 36  6  0 37  0  0  0  0  0  0 25 37  0  0  0 37  0  0  0 37  0  0 36  0 37  0  0
  0  0  0  0 38 33  0 38 38 38 38  0  0  0 38  0 33  0 33  4  0  0  3  3  0 12 33  0  0  0  0 12  0  2  0 38 37  0 37  0  0 33  0 37 33  0  0 38  1 38 38  0  0  0  0  0  0 33 38 33 37  0 38  0  0  0 23 38  0 37  0  0 37  0 12 37  0  0  0 38 37  0 38 38 12 37  0 38  0 33 37  0  0 13  0  0  0  0  0  0 38  0 38 13 12 38 33 33  0  0 37 38  3  0 38 37 38  0 38 38  0 33  0 38 23
 37 38 32 34  0  0  8  0  0  0  0 37 11 38  0 32  0 34  0  0 37 32  0 38 34  0  0 32 37 38 38  0 37 38 34  0  0 15  0 38 32  0 34  0  0 37 34  0 37  1  9 24 34 34 23 32 32  0  0  0  0 38  0 24  8 34  0  0 37  0 15 34  0 37  0  0 32 32 11  0  0 37  0  0  0  0 37  0 32  0  0 34 38  0 34 32 38 23 32 37  0 38  0  0  0  0  0  0 37 38  0  6  0 23  0  0  0 11  0  0 32  0 38  0  0
  0  0  0  0 14 32  0  9 34 34 12  0  0  0 14  0 32  0 32 38  0  0 38  0  0 38 32  0  0  0  0 38  1  0  0  9 37  0 37  0  1 32  0 37 32  0  0 34  0 34 24  4  0  0  0  0  0 32 14 32 37  0 24  0  0  0 38 34  0 37  3  0 37  0 38 37  0  0  0 34 37  0 15 34 38 37  0 15  0 32 37  0  0 38  0  0  0  0  0  0 34  0  5 38 38 34 32 32  0  0 37 24 38  0 34 37 34  0 34 34  0 32  0 12 38
  0  0  0  0 15 32  5 24 34 34 23  0  0  0 15  0 32  0 32 38  0  0 38  0  0 38 32  0  0  0  0 38  0  0  0 24 37  0 37  0  0 32  0 37 32  0  0 34  0 34 10  0  0  0  0  1  0 32 15 32 37  0  8  0  0  0 38 34  0 37  0  0 37  0 38 37  0  0  0 34 37  0 11 34 38 37  0 11  0 32 37  0  0 38  1  0  0  0  0  0 34  0 24 38 38 34 32 32  0  0 37  1 38  0 34 37 34  0 34 34  0 32  0 23 38
  0  0  0  0 34 35  0 34 25 22 34  0  0  0 34  0 35  3 35 38  0  0 38  0  0 38 35  0  0  0  0 38  0  0  0 34 30  0 30  0  0 35  0 30 35  0  0  1  0  9 34  0  0  0  0  0  0 35 34 35 30  0 34  0  0  0 38 18  0 30  0  0 30  0 38 30  0  0  0 25 30  0 34 22 38 30  0 34  0 35 30  1  0 38  0  0  0  0  0  1 24  0 34 38 38 22 35 35  0  0 30 34 38  0 24 30 25  0 18  6  0 35  0 34 38
 37 22 33 38  0  0 38  0  0  0  0 37 38 12  0 33  0 38  0  0 37 33  0 23 38  0  0 33 37 23  9  0 37 12 38  0  0 38  0  2 33  0 38  0  0 37 38  0 37  0  0 38 38 38 38 33 33  0  0  0  0 23  0 38 38 38  0  0 37  0 38 38  0 37  0  0 33 33 38  0  0 37  0  0  0  0 37  0 33  0  0 38  2  0 38 33 23 38 33 37  0 22  0  0  0  0  0  1 37 22  0  0  0 38  0  0  0 38  1  0 33  0 23  0  5
 30 38 35  2  0  0 34  0  0  0  0 30 34 38  0 35  0 18  0  0 30 35  0 38 11  0  0 35 30 38 38  0 30 38  3  0  0 34  0 38 35  0 11  0  0 30 11  0 30  0  0 34 16 14 34 35 35  2  0  0  0 38  0 34 34 18  0  0 30  0 34 10  1 30  0  0 35 35 34  0  0 30  0  0  0  0 30  0 35  0  0 16 38  0 14 35 38 34 35 30  0 38  0  0  0  0  0  0 30 38  1  0  0 34  1  0  0 34  6  0 35  0 38  1  0
  4  0  0  0 37 36  0 37 30 30 37  0  0  0 37  0 36  0 36 37  0  0 37  0  0 37 36  0  0  0  0 37  0  0  0 37 17  0 14  0  0 36  0 14 36  0  0 30  0 30 37  0  0  0  0  0  0 36 37 36 16  0 37  0  0  0 37 30  0  2  0  0 17  6 37 10  0  0  0 30 17  0 37 30 37 16  0 37  0 36 16  0  0 37  0  0  0  0  0  0 30  0 37 37 37 30 36 36  0  0 17 37 37  0 30 14 30  0 30 30  0 36  0 37 37
  5 37 36 30  0  0 37  0  0  0  0 17 37 37  0 36  0 30  0  0 17 36  0 37 30  0  0 36 17 37 37  0 14 37 30  0  0 37  0 37 36  0 30  0  0 17 30  0 14  0  0 37 30 30 37 36 36  0  0  0  0 37  0 37 37 30  0  0  2  0 37 30  0 10  0  1 36 36 37  0  0 17  1  0  0  0 16  0 36  0  0 30 37  0 30 36 37 37 36 16  0 37  0  0  0  0  0  0 17 37  1  0  0 37  0  0  0 37  0  0 36  0 37  0  0
  0  0  0  0 10 32  1 14 34 34 21  0  0  0  5  0 32  1 32 38  0  0 38  0  0 38 32  0  0  0  0 38  0  0  0 14 37 10 37  0  0 32  0 37 32  0  0 34  0 34 15  0  0  0  0  0  0 32  7 32 37  0 15  3  0  0 38 34  0 37  0  0 37  0 38 37  0  0  0 34 37  0 14 34 38 37  1 14  0 32 37  0  0 38  0  0  0  0  0  0 34  0 14 38 38 34 32 32  0  0 37 15 38  0 34 37 34  0 34 34  0 32  0 21 38
  1  0  0  5 34 35  0 34 16 14 34  0  0  0 34  0 35  0 35 38  0  0 38  0  2 38 35  0  0  0  0 38  0  0  2 34 30  0 30  0  0 35  0 30 35  0  0 18  0 18 34  0  0  0  0  0  0 35 34 35 30  0 34  0  0  0 38 10  0 30  0  0 30  0 38 30  0  1  0 16 30  0 34 14 38 30  0 34  0 35 30  0  0 38  0  0  0  0  0  0 11  0 34 38 38 14 35 35  0  0 30 34 38  0 11 30 16  0  4 18  0 35  0 34 38
 17 37 36 30  0  0 37  0  0  0  0 13 37 37  0 36  0 30  0  0  2 36  0 37 30  0  0 36 13 37 37  0 16 37 30  0  0 37  0 37 36  0 30  0  0  8 30  0 16  0  0 37 30 30 37 36 36  0  0  0  0 37  0 37 37 30  0  1 17  0 37 30  0 17  0  0 36 36 37  0  9 13  0  0  0  0 25  0 36  0  0 30 37  0 30 36 37 37 36 25  0 37  0  0  0  0  0  0  9 37  1  0  0 37  2  0  0 37  0  0 36  0 37  0  0
  6  0  0  0 37 36  0 37 30 30 37  0  0  0 37  0 36  0 36 37  0  0 37  0  0 37 36  0  1  0  0 37  0  0  0 37 17  0 14  0  0 36  0 14 36  0  0 30  0 30 37  0  0  0  0  0  0 36 37 36 16  0 37  0  0  0 37 30  6 10  0  0 17  0 37  9  0  0  0 30 17  0 37 30 37 16  0 37  0 36 16  0  0 37  0  0  0  0  0  0 30  0 37 37 37 30 36 36  0  0 17 37 37  0 30 14 30  0 30 30  0 36  0 37 37
 37 11 33 38  0  0 38  0  0  0  0 37 38  9  0 33  0 38  0  2 37 33  0 12 38  4  0 33 37 14 12  0 37  8 38  0  0 38  0 12 33  0 38  0  0 37 38  0 37  0  0 38 38 38 38 33 33  0  0  0  0 12  0 38 38 38  0  0 37  0 38 38  0 37  0  0 33 33 38  0  0 37  0  1  7  0 37  0 33  1  1 38 12  0 38 33 14 38 33 37  0 11  0  0  0  0  0  0 37 11  0  0  0 38  0  0  0 38  0  0 33  0 14  0  0
  2 37 36 30  0  0 37  0  0  0  0 17 37 37  0 36  0 30  0  0 17 36  0 37 30  0  0 36 17 37 37  0 14 37 30  0  2 37  0 37 36  0 30  0  0 17 30  0 14  0  0 37 30 30 37 36 36  0  0  0  0 37  0 37 37 30  0  0 10  1 37 30  0  9  0  0 36 36 37  0  0 17  0  0  0  0 16  0 36  0  0 30 37  0 30 36 37 37 36 16  1 37  0  0  0  0  0  0 17 37  0  0  0 37  0  0  0 37  0  0 36  0 37  0  0
  0  1  1  0 32  9  0 32 35 35 32  0  0  0 32  0 20  0 16 33  0  0 33  0  0 33  8  6  0  0  0 33  0  0  0 32 36  0 36  0  0 16  0 36 20  0  0 35  0 35 32  0  0  0  0  0  0 20 32 13 36  0 32  0  0  0 33 35  0 36  0  0 36  0 33 36  0  0  0 35 36  0 32 35 33 36  0 32  0 20 36  0  0 33  0  0  0  0  0  0 35  0 32 33 33 35 20 13  0  0 36 32 33  0 35 36 35  0 35 35  7 16  0 32 33
  0  0  4  0 32 13  0 32 35 35 32  0  0  0 32  0 24  0 12 33  0  0 33  0  0 33 13  0  0  0  0 33  0  0  0 32 36  0 36  0  0 12  0 36 20  0  0 35  0 35 32  0  0  0  0  0  0 20 32  6 36  0 32  0  0  0 33 35  0 36  0  1 36  0 33 36  0  0  0 35 36  0 32 35 33 36  0 32  0 24 36  0  0 33  0  2  0  0  5  0 35  0 32 33 33 35 24  7  0  0 36 32 33  0 35 36 35  0 35 35  4 12  0 32 33
  0  0  0  0 14 32  0 15 34 34 21  0 10  0 14  0 32  0 32 38  0  0 38  0  1 38 32  0  0  0  0 38  0  0  0 15 37  0 37  0  0 32  0 37 32  0  0 34  0 34 11  0  0  0  2  0  0 32 14 32 37  0 11  0  0  0 38 34  0 37  0  0 37  0 38 37  0  0  0 34 37  0  8 34 38 37  0  2  0 32 37  0  0 38  0  0  0  0  0  0 34  0 15 38 38 34 32 32  1  0 37 11 38  0 34 37 34  9 34 34  0 32  0 21 38
 30 38 35 16  0  0 34  0  6  2  0 30 34 38  0 35  0 25  0  0 30 35  0 38 20  0  0 35 30 38 38  0 30 38 16  0  0 34  0 38 35  0 20  0  0 30 20  0 30  0  0 34  3 11 34 35 35  0  0  0  0 38  0 34 34 25  0  0 30  0 34 16  0 30  0  0 35 35 34  0  0 30  0  0  0  0 30  0 35  0  0  2 38  0 11 35 38 34 35 30  0 38  0  0  0  0  0  0 30 38  0  0  0 34  0  0  6 34  0  0 35  0 38  0  0
 17 37 36 30  0  0 37  0  0  0  0 13 37 37  0 36  0 30  0  0  5 36  0 37 30  0  0 36 13 37 37  0 16 37 30  0  2 37  0 37 36  0 30  0  0  5 30  0 16  0  0 37 30 30 37 36 36  0  0  0  0 37  0 37 37 30  0  0 17  0 37 30  9 17  0  0 36 36 37  0  0 13  0  0  0  0 25  3 36  0  0 30 37  0 30 36 37 37 36 25  1 37  0  0  0  0  0  0  9 37  0  0  0 37  0  0  0 37  0  0 36  0 37  0  0
  0  0  0  0 37 36  0 37 30 30 37  6  1  0 37  0 36  0 36 37  3  0 37  0  0 37 36  0  8  0  0 37  0  0  0 37  5  0 17  0  0 36  0 17 36  0  0 30  0 30 37  0  0  0  0  0  0 36 37 36 23  0 37  0  0  0 37 30  0 17  0  0 13  0 37 17  0  0  0 30 13  0 37 30 37 23  0 37  0 36 23  0  0 37  0  0  0  0  0  0 30  0 37 37 37 30 36 36  0  0  7 37 37  0 30 17 30  0 30 30  0 36  0 37 37
 37 38 32 34  0  0 11  0  0  0  0 37  9 38  0 32  0 34  0  0 37 32  0 38 34  0  0 32 37 38 38  0 37 38 34  0  0 14  0 38 32  0 34  0  0 37 34  0 37  0  0 15 34 34 21 32 32  0  0  3  0 38  0 15 11 34  0  0 37  1 14 34  0 37  0  0 32 32  8  0  0 37  0  0  0  0 37  6 32  0  0 34 38  0 34 32 38 21 32 37  0 38  0  0  0  0  0  0 37 38  0  0  0 21  0  0  0  2  0  0 32  0 38  0  0
 30 38 35 14  0  0 34  0  0  8  0 30 34 38  0 35  0 22  0  0 30 35  0 38 22  0  0 35 30 38 38  0 30 38 14  0  0 34  0 38 35  0 22  0  0 30 22  0 30  0  0 34 11  3 34 35 35  0  0  0  0 38  0 34 34 22  0  0 30  0 34 14  0 30  1  0 35 35 34  0  0 30  0  0  0  0 30  0 35  0  0 11 38  0  1 35 38 34 35 30  0 38  0  0  0  1  0  0 30 38  0  0  0 34  0  0  1 34  0  2 35  0 38  0  0
 37 11 33 38  0  0 38  0  1  0  0 37 38  9  0 33  0 38  0  0 37 33  0 12 38  3  0 33 37 14 12  0 37  2 38  0  0 38  0 12 33  0 38  0  0 37 38  0 37  0  0 38 38 38 38 33 33  0  0  0  0 12  0 38 38 38  0  0 37  0 38 38  0 37  7  0 33 33 38  0  0 37  0  0  0  0 37  0 33  0  0 38 12  0 38 33 14 38 33 37  0 11  0  0  0  0  0  0 37 11  0  0  1 38  0  0  0 38  0  0 33  0 14  0  0
 16 37 36 30  0  0 37  0  0  0  0 23 37 37  0 36  0 30  0  0 25 36  0 37 30  0  0 36 23 37 37  0 25 37 30  0  0 37  0 37 36  0 30  1  0 25 30  0 25  0  0 37 30 30 37 36 36  0  0  0  5 37  0 37 37 30  0  0 16  0 37 30  0 16  0  0 36 36 37  0  0 23  0  0  0  0  2  0 36  0  5 30 37  0 30 36 37 37 36  2  0 37  0  0  0  0  0  0 25 37  0  0  0 37  0  0  0 37  0  0 36  0 37  0  0
  0  0  0  0 37 36  1 37 30 30 37  0  0  0 37  0 36  0 36 37  0  0 37  0  0 37 36  0  0  0  0 37  1  0  0 37 23  0 25  0  0 36  0 25 36  0  0 30  0 30 37  0  0  1  0  0  0 36 37 36  5  0 37  0  0  0 37 30  0 16  1  0 25  0 37 16  0  0  0 30 25  0 37 30 37  2  0 37  0 36  6  0  0 37  0  0  0  0  0  2 30  0 37 37 37 30 36 36  0  0 23 37 37  0 30 25 30  0 30 30  0 36  0 37 37
 37 38 32 34  0  0 11  0  0  0  2 37  9 38  0 32  0 34  0  0 37 32  0 38 34  0  0 32 37 38 38  0 37 38 34  0  2 14  0 38 32  0 34  0  0 37 34  0 37  0  0 15 34 34 21 32 32  0  0  0  0 38  0 15 11 34  0  0 37  0 14 34  0 37  0  0 32 32  2  0  3 37  6  0  0  0 37  0 32  0  0 34 38  0 34 32 38 21 32 37  0 38  0  0  0  0  0  1 37 38  0  0  0 21  0  0  0  5  0  0 32  0 38  0  0
  0  0  0  0 32 20  0 32 35 35 32  0  0  0 32  0  4  0 18 33  0  0 33  0  0 33 20  0  0  0  0 33  0  0  0 32 36  1 36  0  5 18  0 36 19  0  0 35  0 35 32  0  0  0  0  2  0 19 32 24 36  0 32  0  0  0 33 35  0 36  0  0 36  0 33 36  0  0  0 35 36  0 32 35 33 36  0 32  0  2 36  0  0 33  0  0  0  0  0  0 35  0 32 33 33 35  6 24  0  0 36 32 33  0 35 36 35  0 35 35  0 18  0 32 33
 36 33 24 35  0  0 32  0  0  0  0 36 32 33  0 18  6 35  0  1 36 19  0 33 35  0  0 20 36 33 33  0 36 33 35  1  0 32  0 33  1  0 35  0  0 36 35  0 36  0  0 32 35 35 32 18 19  0  0  0  0 33  0 32 32 35  0  0 36  0 32 35  0 36  1  0 20 24 32  0  0 36  0  0  0  0 36  0  2  0  0 35 33  0 35 19 33 32 24 36  0 33  0  0  0  0  5  0 36 33  0  0  0 32  0  0  0 32  0  0 20  2 33  0  0
 16 37 36 30  0  0 37  0  0  0  0 23 37 37  0 36  0 30  0  0 25 36  0 37 30  0  0 36 23 37 37  0 25 37 30  0  0 37  0 37 36  0 30  0  0 25 30  0 25  0  0 37 30 30 37 36 36  0  0  0  6 37  0 37 37 30  0  0 16  0 37 30  0 16  1  0 36 36 37  0  0 23  0  0  0  5  6  0 36  0  0 30 37  0 30 36 37 37 36  5  0 37  0  0  0  0  0  0 25 37  0  0  0 37  0  1  0 37  0  0 36  0 37  0  0
  0  0  0  0 34 35  0 34  1 11 34  0  0  0 34  0 35  0 35 38  0  0 38  0  0 38 35  0  0  0  0 38  0  0  0 34 30  0 30  0  0 35  0 30 35  0  0 25  0 25 34  0  5  0  0  0  0 35 34 35 30  0 34  0  0  1 38 16  0 30  0  0 30  0 38 30  0  0  0  2 30  0 34 11 38 30  0 34  0 35 30  0  0 38  0  0  0  0  0  0 20  0 34 38 38 11 35 35  0  0 30 34 38  0 20 30  9  0 16 25  0 35  0 34 38
  0  1  0  0 38 33  0 38 38 38 38  0  0  0 38  0 33  0 33 23  0  1 23  0  0 12 33  0  0  0  5 22  0  0  0 38 37  0 37  2  0 33  0 37 33  0  0 38  0 38 38  0  0  0  0  0  0 33 38 33 37  0 38  0  0  0  2 38  0 37  0  0 37  0 12 37  0  0  0 38 37  0 38 38 12 37  0 38  0 33 37  0  0 23  0  0  0  0  0  0 38  0 38 23 22 38 33 33  0  0 37 38 23  0 38 37 38  0 38 38  0 33  0 38  8
 37 18 33 38  0  0 38  0  0  0  0 37 38 14  0 33  0 38  0  0 37 33  0 13 38  0  0 33 37  8 23  1 37 14 38  0  0 38  0 23 33  0 38  0  0 37 38  0 37  0  0 38 38 38 38 33 33  0  0  0  0 13  0 38 38 38  0  0 37  0 38 38  0 37  0  0 33 33 38  0  0 37  0  0  0  0 37  0 33  0  0 38 23  0 38 33  6 38 33 37  0 18  0  8  0  0  0  1 37 18  0  0  0 38  0  0  0 38  0  0 33  0  8  0  0
  0  0  0  0 34 35  0 34 11  8 34  0  0  0 34  0 35  0 35 38  0  0 38  0  0 38 35  0  0  0  0 38  0  0  0 34 30  0 30  0  0 35  0 30 35  0  0 22  0 22 34  0  0  8  0  0  0 35 34 35 30  0 34  0  1  0 38 14  0 30  0  0 30  0 38 30  0  0  0 11 30  0 34  1 38 30  0 34  0 35 30  0  0 38  0  0  0  0  0  1 22  0 34 38 38  2 35 35  0  0 30 34 38  0 22 30 11  0 14 22  0 35  0 34 38
  0  0  0  0 32 20  0 32 35 35 32  0  0  0 32  0 19  0 14 33  0  1 33  0  0 33 20  0  0  0  0 33  0  0  0 32 36  0 36  0  0 14  0 36  2  0  0 35  0 35 32  0  0  0  0  0  3  8 32 20 36  0 32  0  0  0 33 35  0 36  0  0 36  0 33 36  0  2  0 35 36  0 32 35 33 36  0 32  0 19 36  0  0 33  0  0  0  0  0  0 35  0 32 33 33 35 19 20  0  0 36 32 33  0 35 36 35  0 35 35  0 14  0 32 33
  0  0  0  0 38 33  0 38 38 38 38  0  0  0 38  0 33  0 33 13  0  0 13  0  0 14 33  0  0  9  0 18  0  0  0 38 37  0 37  1  0 33  0 37 33  0  0 38  0 38 38  0  0  0  0  0  0 33 38 33 37  0 38  0  0  0 23 38  0 37  0  0 37  0 14 37  0  0  0 38 37  0 38 38 14 37  0 38  0 33 37  0  0  6  0  0  0  0  0  0 38  0 38  2 18 38 33 33  0  0 37 38 13  0 38 37 38  0 38 38  0 33  4 38 23
  0  0  0  0 21 32  0 12 34 34  8  0  0  0 21  0 32  0 32 38  0  0 38  0  0 38 32  0  0  1  0 38  0  0  0 12 37  0 37  0  0 32  0 37 32  0  0 34  0 34 23  0  0  0  7  0  0 32 21 32 37  0 23  0  0  0 38 34  0 37  0  0 37  0 38 37  0  0  0 34 37  0 21 34 38 37  0 21  0 32 37  0  0 38  0  0  0  0  0  0 34  0 12 38 38 34 32 32  0  0 37 23 38 10 34 37 34  1 34 34  0 32  0  3 38
  0  0  4  0 32 13  0 32 35 35 32  0  2  0 32  0 24  0 12 33  0  0 33  0  0 33 13  1  0  0  0 33  0  0  0 32 36  0 36  0  0 12  1 36 20  0  0 35  0 35 32  0  0  0  0  0  1 20 32 10 36  0 32  0  0  0 33 35  0 36  0  0 36  0 33 36  0  5  0 35 36  0 32 35 33 36  0 32  0 24 36  0  0 33  0  0  0  0  0  0 35  0 32 33 33 35 24  6  0  0 36 32 33  1 35 36 35  0 35 35  0 12  0 32 33
  0  0  0  0 37 36  0 37 30 30 37  0  0  0 37  0 36  0 36 37  0  0 37  0  0 37 36  0  0  0  0 37  0  0  0 37 23  0 25  0  0 36  0 25 36  0  0 30  0 30 37  0  0  0  0  0  0 36 37 36  6  0 37  0  0  1 37 30  0 16  0  0 25  0 37 16  0  0  0 30 25  0 37 30 37  2  2 37  0 36  5  0  0 37  1  0  0  0  0  0 30  0 37 37 37 30 36 36  0  0 23 37 37  0 30 25 30  0 30 30  0 36  0 37 37
 30 38 35 11  0  0 34  0  0  0  0 30 34 38  0 35  0 24  0  0 30 35  0 38  1  0  0 35 30 38 38  0 30 38 11  0  0 34  0 38 35  0  9  0  2 30  4  0 30  0  0 34 20 22 34 35 35  0  0  0  0 38  0 34 34 24  0  0 30  0 34 11  0 30  0  1 35 35 34  0  1 30  0  0  0  0 30  0 35  0  0 20 38  0 22 35 38 34 35 30  0 38  0  0  0  0  0  0 30 38  0  0  0 34 10  0  0 34  2  0 35  0 38  0  0
  0  4  0  0 38 33  0 38 38 38 38  0  0  0 38  0 33  0 33 12  0  0 12  0  0 11 33  1  0  0  0  4  0  0  0 38 37  0 37  0  0 33  0 37 33  0  0 38  0 38 38  0  0  0  0  0  0 33 38 33 37  0 38  0  0  0 22 38  0 37  0  0 37  0 11 37  0  0  0 38 37  0 38 38 11 37  0 38  0 33 37  0  0 18  0  0  0  0  0  0 38  0 38 18  3 38 33 33  0  4 37 38 12  1 38 37 38  0 38 38  0 33  0 38 22
 37 38 32 34  0  0 24 10  0  0  0 37 15 38  3 32  0 34  0  0 37 32  0 38 34  0  0 32 37 38 38  0 37 38 34  4  0 14  0 38 32  0 34  0  0 37 34  0 37  0  0  6 34 34 12 32 32  0  0  0  0 38  0  5 24 34  0  0 37  0 14 34  0 37  0  0 32 32 15  0  0 37  0  0  0  0 37  0 32  0  0 34 38  0 34 32 38 12 32 37  0 38  0  0  0  0  0  0 37 38  0  0  0 12  0  0  0 15  0  0 32  0 38  0  0
 37 18 33 38  0  0 38  0  0  0  0 37 38 14  0 33  0 38  0  0 37 33  0 13 38  0  0 33 37  2 23  0 37 14 38  0  0 38  0 23 33  0 38  0  0 37 38  0 37  0  0 38 38 38 38 33 33  0  0  1  0 13  0 38 38 38  0  0 37  0 38 38  0 37  0  0 33 33 38  0  0 37  0  0  0  0 37  0 33  0  0 38 23  8 38 33  2 38 33 37  0 18  0  0  0  0  0  0 37 18  0  0  0 38  1  0  0 38  0  0 33  0  4  0  0
 37  7 33 38  0  0 38  0  0  0  0 37 38 11  0 33  0 38  0  0 37 33  0 12 38  0  0 33 37 18 22  1 37 11 38  0  0 38  0 22 33  0 38  0  0 37 38  0 37  0  0 38 38 38 38 33 33  1  0  0  0 12  0 38 38 38  0  0 37  0 38 38  0 37  0  0 33 33 38  0  0 37  0  0  0  0 37  0 33  0  0 38 22  0 38 33 18 38 33 37  0  3  0  0  0  0  0  0 37  7  0  0  0 38  0  0  0 38  0  0 33  0 18  0  0
 30 38 35 14  0  0 34  0  0  3  0 30 34 38  0 35  0 22  0  0 30 35  0 38 22  0  0 35 30 38 38  0 30 38 14  0  0 34  0 38 35  0 22  1  0 30 22  0 30  1  0 34 11  7 34 35 35  0  0  0  0 38  0 34 34 22  0  0 30  0 34 14  0 30  0  0 35 35 34  0  0 30  0  1  0  0 30  0 35  0  0 11 38  0  2 35 38 34 35 30  0 38  0  0  0  0  0  0 30 38  0  0  0 34  0  0  0 34  0  0 35  0 38  0  0
 36 33 24 35  0  0 32  1  1  0  0 36 32 33  0 18  3 35  0  0 36 19  0 33 35  0  0 20 36 33 33  0 36 33 35  0  0 32  0 33  5  0 35  0  0 36 35  0 36  2  0 32 35 35 32 18 19  0  0  0  0 33  0 32 32 35  0  0 36  0 32 35  0 36  0  0 20 24 32  0  0 36  0  0  0  0 36  0  6  5  0 35 33  0 35 19 33 32 24 36  0 33  0  0  0  0  0  0 36 33  0  0  0 32  0  0  0 32  0  0 20  0 33  0  0
 36 33  5 35  0  3 32  0  0  0  0 36 32 33  0 12  0 35  0  0 36 20  0 33 35  0  0 13 36 33 33  0 36 33 35  0  0 32  0 33 24  0 35  0  2 36 35  0 36  0  0 32 35 35 32 12 20  0  0  1  0 33  0 32 32 35  1  0 36  0 32 35  0 36  0  0 13  7 32  0  0 36  0  0  0  0 36  1 24  0  0 35 33  1 35 20 33 32  6 36  0 33  0  0  0  0  0  0 36 33  0  0  0 32  0  0  0 32  0  0 13  0 33  0  0
  1  0  0  0 37 36  0 37 30 30 37  2  0  0 37  0 36  0 36 37  7  0 37  0  0 37 36  0  0  0  0 37  0  0  0 37 13  0 16  0  0 36  0 16 36  7  0 30  0 30 37  0  0  0  0  0  0 36 37 36 25  0 37  0  0  0 37 30  0 17  0  0  9  0 37 17  0  0  1 30  9  0 37 30 37 25  0 37  0 36 25  0  0 37  0  0  0  0  0  0 30  0 37 37 37 30 36 36  0  0 13 37 37  0 30 16 30  0 30 30  0 36  0 37 37
  0 10  0  0 38 33  0 38 38 38 38  0  0  0 38  0 33  0 33 12  0  0 12  0  0 11 33  0  0  0  0  2  0  0  0 38 37  0 37  1  0 33  0 37 33  0  0 38  0 38 38  0  0  0  0  0  0 33 38 33 37  0 38  0  0  0 22 38  0 37  0  0 37  0 11 37  0  0  0 38 37  0 38 38 11 37  0 38  0 33 37  0  0 18  0  0  0  0  0  0 38  4 38 18  7 38 33 33  0  0 37 38 12  0 38 37 38  0 38 38  0 33  0 38 22
 17 37 36 30  0  0 37  0  0  0  0  4 37 37  0 36  0 30  0  0 13 36  0 37 30  0  0 36  8 37 37  0 17 37 30  0  3 37  0 37 36  0 30  0  0 13 30  0 17  0  0 37 30 30 37 36 36  0  0  0  0 37  0 37 37 30  0  1 17  1 37 30  1 17  0  0 36 36 37  0  0  7  0  0  0  0 23  0 36  0  0 30 37  0 30 36 37 37 36 23  0 37  0  0  0  0  0  0 13 37  0  0  0 37  0  0  0 37  0  0 36  0 37  0  0
 37 38 32 34  0  0  4  0  0  0  0 37 11 38  0 32  0 34  0  0 37 32  0 38 34  0  0 32 37 38 38  0 37 38 34  0  0 15  0 38 32  0 34  0  0 37 34  0 37  0  5 24 34 34 23 32 32  0  0  0  0 38  6 24  1 34  0  0 37  0 15 34  0 37  0  0 32 32 11  0  0 37  0  0  0  0 37  0 32  0  0 34 38  0 34 32 38 23 32 37  0 38  0  0  0  0  0  0 37 38  0  0  0 23  0  0  0 11  0  0 32  0 38  0  0
 37 12 33 38  0  0 38  0  0  0  0 37 38 12  0 33  0 38  2  8 37 33  6  2 38  0  0 33 37 13 23  0 37 12 38  0  0 38  0 23 33  0 38  0  0 37 38  0 37  0  0 38 38 38 38 33 33  0  0  0  0  3  0 38 38 38  0  0 37  0 38 38  0 37  0  0 33 33 38  0  0 37  0  0  1  0 37  0 33  0  0 38 23  0 38 33 13 38 33 37  0 12  0  0  0  0  0  0 37 12  0  0  0 38  0  0  0 38  0  0 33  0 13  0  0
  0  0  0  0 21 32  0 12 34 34  3  0  2  0 21  0 32  0 32 38  0  0 38  0  0 38 32  1  0  0  0 38  0  0  0 12 37  0 37  0  0 32  0 37 32  0  0 34  0 34 23  0  0  0  8  0  0 32 21 32 37  0 23  0  0  0 38 34  0 37  0  0 37  0 38 37  0  0  0 34 37  0 21 34 38 37  0 21  0 32 37  0  0 38  0  0  0 10  1  0 34  1 12 38 38 34 32 32  0  0 37 23 38  0 34 37 34  0 34 34  0 32  0  1 38
 30 38 35 11  0  0 34  0  0  0  0 30 34 38  0 35  0 24  0  0 30 35  0 38  8  0  0 35 30 38 38  0 30 38 11  0  0 34  0 38 35  0 10  0  0 30  8  0 30  0  0 34 20 22 34 35 35  1  0  0  0 38  0 34 34 24  0  1 30  0 34 11  2 30  0  0 35 35 34  0  0 30  0  0  0  0 30  0 35  0  0 20 38  0 22 35 38 34 35 30 10 38  0  1  0  0  0  0 30 38  0  0  0 34  0  0  0 34  0  0 35  0 38  1  0
 14 37 36 30  0  0 37  0  0  0  0 17 37 37  0 36  0 30  0  0 16 36  0 37 30  0  0 36 17 37 37  0  9 37 30  0  0 37  1 37 36  0 30  8  0 16 30  0  4  0  0 37 30 30 37 36 36  0  0  0  0 37  0 37 37 30  0  0 14  0 37 30  0 14  0  0 36 36 37  0  0 17  0  0  0  0 25  0 36  0  1 30 37  0 30 36 37 37 36 25  0 37  0  0  0  0  0  0 16 37  0  0  0 37  0  0  0 37  0  1 36  0 37  0  0
 30 38 35 16  0  0 34  0  5  0  0 30 34 38  0 35  0 25  0  0 30 35  0 38 20  0  0 35 30 38 38  0 30 38 16  0  0 34  0 38 35  0 20  0  0 30 20  0 30  0  0 34  1 11 34 35 35  0  0  0  0 38  0 34 34 25  0  0 30  0 34 16  0 30  0  0 35 35 34  6  0 30  0  1  0  0 30  0 35  0  0  9 38  0 11 35 38 34 35 30  0 38  0  0  0  0  0  0 30 38  0  0  0 34  0  0  0 34  0  0 35  0 38  0  0
  0  0  0  0 14 32  0 15 34 34 21  0  8  0 14  0 32  0 32 38  0  0 38  0  0 38 32  0  0  0  0 38  0  0  0 15 37  0 37  0  0 32  0 37 32  0  0 34  0 34 11  0  0  0  0  0  0 32 14 32 37  0 11  0  0  0 38 34  0 37  0  0 37  0 38 37  0  0  9 34 37  0  2 34 38 37  0  5  0 32 37  0  0 38  0  0  0  1  0  0 34  0 15 38 38 34 32 32  0  0 37 11 38  0 34 37 34  0 34 34  0 32  0 21 38
 30 38 35  4  0  0 34  0  0  0  0 30 34 38  0 35  0 18  0  0 30 35  0 38 11  0  0 35 30 38 38  0 30 38  9  0  1 34  0 38 35  0 11  0  0 30 11  0 30  0  0 34 16 14 34 35 35  0  0  0  0 38  0 34 34 18  1  6 30  0 34  4  0 30  0  0 35 35 34  0  0 30  0  0  0  0 30  0 35  0  0 16 38  0 14 35 38 34 35 30  2 38  0  0  0  0  0  0 30 38  0  0  0 34  0  0  0 34  0  0 35  0 38  0  0
 30 38 35 18  0  0 34  0  0  0  0 30 34 38  0 35  0  9  0  0 30 35  0 38 24  0  0 35 30 38 38  0 30 38 18  0  0 34  0 38 35  0 24  0  0 30 24  2 30  3  1 34 25 22 34 35 35  0  0  0  0 38  0 34 34  6  0  0 30  0 34 18  0 30  0  0 35 35 34  0  0 30  0  2  0  0 30  0 35  0  0 25 38  0 22 35 38 34 35 30  0 38  0  0  0  0  0  0 30 38  0  0  0 34  0  1  0 34  0  0 35  0 38  0  0
  0  0  0  0 32  8  0 32 35 35 32  0  0  0 32  0 20  0 16 33  0  0 33  0  0 33  8  1  0  0  0 33  0  0  0 32 36  0 36  0  0 16  0 36 20  0  0 35  0 35 32  0  0  0  0  0  0 20 32 13 36  0 32  0  0  0 33 35  0 36  0  0 36  0 33 36  7  4  0 35 36  0 32 35 33 36  0 32  0 20 36  0  0 33  0  0  0  0  0  0 35  0 32 33 33 35 20 13  0  0 36 32 33  0 35 36 35  0 35 35  0 16  0 32 33
 36 33 12 35  0  0 32  0  0  0  0 36 32 33  0  7  0 35 10  1 36 14  0 33 35  0  0 16 36 33 33  0 36 33 35  0  0 32  0 33 18  9 35  0  0 36 35  0 36  0  0 32 35 35 32  5 14  0  0  0  0 33  0 32 32 35  0  0 36  0 32 35  0 36  0  0 16 12 32  0  0 36  0  0  0  0 36  0 18  2  0 35 33  0 35 14 33 32 12 36  0 33  0  0  0  0  0  0 36 33  0  0  0 32  0  0  0 32  0  0 16  0 33  0  0
  0  0  0  0 38 33  0 38 38 38 38  0  0  0 38  0 33  0 33 13  0  0 13  0  0 14 33  0  0  6  0 18  0  0  0 38 37  0 37  0  0 33  0 37 33  0  0 38  0 38 38  0  0  0  0  0  1 33 38 33 37  0 38  0  0  0 23 38  0 37  0  0 37  0 14 37  0  0  0 38 37  0 38 38 14 37  0 38  0 33 37  0  0  8  0  0  4  0  0  0 38  0 38  4 18 38 33 33  0  0 37 38 13  0 38 37 38  0 38 38  0 33  0 38 23
 37 38 32 34  0  0 23  0  0  0  3 37 21 38  0 32  0 34  0  0 37 32  0 38 34  0  0 32 37 38 38  0 37 38 34  0  0 21  0 38 32  0 34  0  0 37 34  0 37  0  0 12 34 34  2 32 32  0  0  1  0 38  0 12 23 34  0  1 37  0 21 34  0 37  0  0 32 32 21  0  0 37  0  0  0  0 37  0 32  0  0 34 38  0 34 32 38  3 32 37  0 38  0  0  0  0  0  0 37 38  0  0  0  1  1  0  0 21  0  0 32  0 38  0  0
 37 22 33 38  0  0 38  0  0  0  0 37 38 12  0 33  0 38  0  0 37 33  0 23 38  0  0 33 37 23  3  0 37 12 38  0  0 38  0  6 33  0 38  0  0 37 38  0 37  0  0 38 38 38 38 33 33  0  0  0  0 23  0 38 38 38  5  0 37  0 38 38  0 37  0  0 33 33 38  0  0 37  0  0  0  0 37  0 33  0  0 38  8  0 38 33 23 38 33 37  0 22  0  0  0  0  0  0 37 22  0  0  0 38  0  0  0 38  0  0 33  0 23  0  0

  0 38  0 37  0  0 37 38  0 33  0  0  0 38  0 38 37  0 33  0 38  0  3 33  0 38  0  0 23  0 38  0  0  0 12  0 38 33  2  0  0 33 37 33  0 12  0 38 33  0 38  0  0  0  0  0 38  0 12  9 38 33  0  0 37  0  0  0 37 38  0 38  0 38 33  0 12 38  0  0 13  0 33 37 38  0 38 37 23  0 37  1 38 10  0  0  6  0 37 38 13  0 38  0  0 38 38  0 38  0 33  1  0  0  0 38  0 33 38 37 37  0  0 12  0
 38  0  0 37  0  0 37 34  0 32  0  0  0 34  0  5 37  5 32  0 34  0 38 32  0 34  0  3 38  0 21  0  0  0 38  0 21 32  0  0  0 32 37 32  0 38  0 34 32  0 14  0  0  0  0  0 15  0 38  0 34 32  5  0 37  0  0  0 37 15  0 14  0 34 32  0 38 15  0  0 38  0 32 37 14  0 34 37 38  0 37  0  9  0  0  0 38  0 37 34 38  0 34  0  0 14 34  0 14  0 32  0  0  0  0 34  1 32 34 37 37  0  0 38  0
  0  0  0  0 32 37  0  0 23  0 38 38 32  0 38  0  0 11  1 32  0 23  0  0 38  0 34 15  0 34  0 34 37  9  0 37  4  0 38 11 37  0  0  0 34  0 34  0  0 32  0 34 32 32 37 32  1 24  0 38  0  0 15 37  0 32 38 37  0  8 37  2 38  0  0 23  0  1 34 37  0 32  0  0  0 11  0  0  0 34  0 38  0 38 37 34  0 34  0  0  0 37  0 32 38  0  0 24  0 32  0 38 34 38 34  0 32  0  0  0  0 32 37  0 37
 37 37  0  0  0  0 16 30  0 36  0  0  0 30  0 37 17  0 36  0 30  0 37 36  0 30  0  0 37  0 37  0  4  0 37  7 37 36  0  0  0 36 25 36  0 37  0 30 36  0 37  0  0  0  1  0 37  0 37  0 30 36  0  0 13  0  0  0 13 37  0 37  0 30 36  0 37 37  0  0 37  0 36 25 37  0 30 16 37  0 16  0 37  0  1  1 37  0 25 30 37  0 30  0  0 37 30  1 37  0 36  0  0  0  0 30  0 36 30 17  4  0  6 37  0
  0  0 32  0  0 36  0  0 32  1 33 33 20  0 33  0  0 32  0 16  0 32  1  0 33  0 35 32  0 35  0 35 36 32  0 36  0  9 33 32 36  0  0  0 35  0 35  0  0 13  0 35 13 20 36 20  0 32  0 33  1  0 32 36  0  5 33 36  0  0 36  0 33  0  2 32  0  0 35 36  0 10  0  0  0 32  0  0  0 35  0 33  0 33 36 35  0 35  0  1  0 36  0 20 33  0  0 32  0 13  1 33 35 33 35  0 20  0  0  0  0 16 36  0 36
  0  0 37  0 36  0  1  0 37  0 37 37 36  0 37  0  1 37  0 36  0 37  0  0 37  0 30 37  0 30  0 30 17 37  0 17  0  0 37 37  4  0  0  0 30  0 30  0  0 36  0 30 36 36 14 36  0 37  0 37  0  0 37 14  0 36 37 17  0  0 17  0 37  0  0 37  0  0 30 16  0 36  0  0  0 37  0  0  0 30  0 37  0 37 16 30  0 30  2  0  0  9  0 36 37  0  0 37  0 36  0 37 30 37 30  0 36  0  0  1  0 36 17  0 17
 37 37  0 16  0  1  0 30  0 36  0  0  0 30  0 37 14  0 36  0 30  0 37 36  0 30  0  0 37  0 37  0  0  0 37  3 37 36  0  0  0 36 25 36  0 37  0 30 36  0 37  0  0  0  3  0 37  0 37  0 30 36  0  9 17  1  0  0 17 37  0 37  0 30 36  0 37 37  0  0 37  0 36 25 37  1 30  3 37  0 10  0 37  0  0  0 37  0 25 30 37  0 30  0  1 37 30  0 37  0 36  0  0  0  0 30  0 36 30 14 16  0  0 37  0
 38 34  0 30  0  0 30  0  0 35  0  0  0 25  0 34 30  0 35  0 24  0 38 35  0 22  0  0 38  0 34  0  0  0 38  0 34 35  0  0  0 35 30 35  0 38  0 25 35  0 34  1  0  0  0  0 34  0 38  0  7 35  0  0 30  0  0  0 30 34  0 34  0 24 35  0 38 34  0  0 38  0 35 30 34  0 18 30 38  8 30  0 34  0  0  0 38  0 30 25 38  0  3  0  0 34 18  0 34  0 35  0  6  0  0 22  0 35 22 30 30  0  0 38  0
  0  0 23  0 32 37  0  0  0  0 38 38 32  0 38  0  0 21  0 32  0  4  0  0 38  0 34 21  0 34  5 34 37 23  0 37  5  0 38 21 37  0  0  0 34  0 34  0  0 32  0 34 32 32 37 32  0 12  0 38  0  0 21 37  0 32 38 37  0  2 37  0 38  0  0  3  0  0 34 37  0 32  1  0  0 21  0  0  0 34  0 38  0 38 37 34  0 34  0  0  0 37  0 32 38  0  0 12  1 32  0 38 34 38 34  0 32  0  0  0  0 32 37  0 37
 33 32  0 36  1  0 36 35  0  0  0  2  9 35  0 32 36  0 19  0 35  0 33 18  0 35  0  0 33  0 32  1  0  0 33  0 32 20  0  1  0 24 36 24  0 33  0 35  3  0 32  0  0 10  0  0 32  0 33  0 35  3  0  0 36  0  0  0 36 32  0 32  1 35 20  0 33 32  0  0 33  0 18 36 32  0 35 36 33  0 36  0 32  0  0  0 33  0 36 35 33  0 35  0  0 32 35  0 32  0 18  0  0  0  0 35  0 19 35 36 36  0  0 33  0
  0  0 38  0 33 37  0  0 38  0  0 14 33  0 14  0  0 38  0 33  0 38  0  0 12  0 38 38  1 38  0 38 37 38  8 37  0  0 11 38 37  1  0  0 38  2 38  0  0 33  0 38 33 33 37 33  0 38  9 12  0  0 38 37  0 33  3 37  0  0 37  0 11  0  0 38  2  0 38 37  4 33  0  0  0 38  0  0  0 38  0 14  0 12 37 38  0 38  0  0  0 37  0 33 11  0  0 38  0 33  0 12 38 12 38  0 33  0  0  0  0 33 37  0 37
  0  0 38  0 33 37  0  0 38  2 14  0 33  0  4  0  0 38  0 33  0 38  4  0 23  0 38 38  0 38  0 38 37 38  0 37  0  0 18 38 37  0  0  0 38  0 38  0  0 33  1 38 33 33 37 33  0 38  0 13  0  0 38 37  0 33 14 37  0  0 37  0 18  0  0 38  3  0 38 37 10 33  0  0  0 38  0  0  0 38  0  4  0 13 37 38  0 38  0  0  5 37  0 33 18  0  0 38  0 33  0 23 38 23 38  0 33  0  0  0  0 33 37  0 37
  0  0 32  0 20 36  0  0 32  9 33 33  0  0 33  0  0 32  0 18  0 32  0  0 33  0 35 32  0 35  2 35 36 32  0 36  0  0 33 32 36  0  0  0 35  0 35  0  4 24  0 35 24  8 36 19  0 32  0 33  0  2 32 36  0 20 33 36  0  0 36  0 33  0  1 32  0  0 35 36  0 20  0  0  0 32  0  0  0 35  0 33  0 33 36 35  0 35  0  0  0 36  0 19 33  2  0 32  0 24  0 33 35 33 35  0 19  2  0  0  0 18 36  0 36
 38 34  0 30  0  0 30 25  0 35  0  0  0  0  0 34 30  0 35  0 20  0 38 35  0 11  0  0 38  1 34  0  0  0 38  0 34 35  0  0  0 35 30 35  0 38  0  4 35  1 34  0  0  0  0  0 34  0 38  0 25 35  0  0 30  0  0  0 30 34  0 34  0 20 35  0 38 34  0  0 38  0 35 30 34  0 16 30 38  0 30  0 34  0  0  1 38  0 30  2 38  0 25  0  0 34 16  0 34  0 35  0  0  0 10 11  0 35 11 30 30  0  0 38  0
  0  0 38  0 33 37  0  0 38  0 14  4 33  0  0  0  0 38  0 33  0 38  0  0 23  0 38 38  0 38  0 38 37 38  0 37  0  0 18 38 37  0  0  0 38  0 38  0  0 33  0 38 33 33 37 33  0 38  3 13  0  0 38 37  0 33 14 37  0  0 37  0 18  0  0 38  0  0 38 37 10 33  0  0  0 38  0  0  0 38  0  4  0 13 37 38  5 38  0  0  3 37  0 33 18  0  0 38  0 33  0 23 38 23 38  0 33  0  0  0  0 33 37  0 37
 38  5  0 37  0  0 37 34  0 32  0  0  0 34  0  0 37  0 32  0 34  0 38 32  0 34  0  1 38  0 21  0  0  0 38  0 21 32  0  3  0 32 37 32  0 38  0 34 32  0 14  0  0  0  0  0 15  0 38  0 34 32  2  0 37  0  0  0 37 15  0 14  0 34 32  0 38 15  0  0 38  0 32 37 14  0 34 37 38  0 37  0  8  0  0  0 38  0 37 34 38  0 34  0  0 14 34  0 14  0 32  0  0  0  0 34  0 32 34 37 37  0  0 38  0
 37 37  0 17  0  1 14 30  0 36  0  0  0 30  0 37  0  0 36  0 30  0 37 36  0 30  0  0 37  0 37  0  0  0 37  0 37 36  0  0 10 36 16 36  0 37  0 30 36  0 37  0  0  0  0  0 37  0 37  0 30 36  0  1 17  0  0  0 17 37  0 37  0 30 36  0 37 37  0  1 37  0 36 16 37  0 30 14 37  0 14  0 37  0  0  0 37  0 16 30 37  6 30  0  0 37 30  0 37  0 36  0  0  0  0 30  0 36 30 10 17  0  0 37  0
  0  5 11  0 32 37  0  0 21  0 38 38 32  0 38  0  0  0  0 32  0 21  0  0 38  0 34 14  0 34  0 34 37 11  0 37  0  0 38  5 37  0  0  0 34  0 34  0  0 32  0 34 32 32 37 32  0 15  0 38  0  0 14 37  0 32 38 37  0  0 37  7 38  0  0 21  0  1 34 37  0 32  0  0  3  1  0  2  0 34  0 38  0 38 37 34  0 34  0  0  0 37  0 32 38  9  0 15  0 32  0 38 34 38 34  0 32  0  0  0  0 32 37  0 37
 33 32  1 36  0  0 36 35  0 19  0  0  0 35  0 32 36  0  0  0 35  0 33 14  0 35  0  0 33  0 32  0  0  0 33  0 32 20  0  0  0 20 36 20  0 33  0 35 19  0 32  0  0  1  0  9 32  0 33  0 35 19  0  0 36  0  0  0 36 32  0 32  0 35 20  0 33 32  0  0 33  0 14 36 32  0 35 36 33  0 36  0 32  0  0  0 33  0 36 35 33  0 35  7  0 32 35  0 32  0 14  0  0  0  0 35  4  9 35 36 36  1  0 33  0
  0  0 32  0 16 36  0  0 32  0 33 33 18  0 33  0  0 32  0  0  0 32  0  3 33  0 35 32  0 35  0 35 36 32  0 36  0  0 33 32 36  0  0  2 35  0 35  0  0 12  0 35 12 18 36 14  0 32  0 33  0  0 32 36  0 16 33 36  0  0 36  0 33  0  0 32  0  0 35 36  0 16  1  0  0 32  0  0  0 35  0 33  0 33 36 35  0 35  0  0  0 36  0 14 33  0  0 32  0 12  6 33 35 33 35  0 14  2  0  0  0  4 36  0 36
 38 34  0 30  0  0 30 24  0 35  0  0  0 20  0 34 30  0 35  0  0  0 38 35  0 22  0  0 38  7 34  0  0  0 38  0 34 35  0  0  0 35 30 35  0 38  0 20 35  0 34  4  0  0  0  0 34  0 38  0 24 35  0  0 30  0  0  0 30 34  0 34  0  3 35  0 38 34  2  0 38  0 35 30 34  0 11 30 38  0 30  0 34  0  1  0 38  0 30 20 38  0 24  0  0 34 11  0 34  0 35  0  1  0  0 22  0 35 22 30 30  0  0 38  0
  0  0 23  0 32 37  0  0  4  0 38 38 32  0 38  0  0 21  0 32  0  0  0  0 38  0 34 21  0 34  6 34 37 23  0 37  7  0 38 21 37  0  0  0 34  0 34  0  2 32  0 34 32 32 37 32  0 12  0 38  0  0 21 37  0 32 38 37  0  0 37  0 38  0  0  4  0  1 34 37  0 32  0  0  1 21  0  0  0 34  0 38  0 38 37 34  0 34  0  0  0 37  1 32 38  0  0 12  0 32  0 38 34 38 34  0 32  0  0  0  0 32 37  0 37
  3 38  0 37  1  0 37 38  0 33  0  4  0 38  0 38 37  0 33  0 38  0  0 33  0 38  0  0 23  0 38  0  0  0 12  0 38 33  0  0  0 33 37 33  0 12  0 38 33  0 38  0  0  0  0  0 38  0 12  9 38 33  0  0 37  0  0  0 37 38  0 38  0 38 33  0 12 38  0  0 13  0 33 37 38  0 38 37 23  0 37  0 38  5  0  0  4  0 37 38 13  0 38  0  0 38 38  0 38  0 33  0  0  1  0 38  0 33 38 37 37  0  0 12  0
 33 32  0 36  0  0 36 35  0 18  0  0  0 35  0 32 36  0 14  3 35  0 33  0  0 35  0  0 33  0 32  0  0  0 33  0 32 16  1  0  0 12 36 12  0 33  0 35 18  2 32  0  0  0  0  0 32  0 33  0 35 18  0  0 36  0  0  0 36 32  0 32  0 35 16  0 33 32  0  0 33  0  6 36 32  0 35 36 33  0 36  0 32  0  0  0 33  0 36 35 33  0 35  0  0 32 35  0 32  0  1  0  0  0  0 35  3 14 35 36 36  6  0 33  0
  0  0 38  0 33 37  0  0 38  0 12 23 33  0 23  0  0 38  0 33  0 38  0  0  0  0 38 38  3 38  0 38 37 38  0 37  0  0 22 38 37  0  0  0 38  0 38  0  0 33  0 38 33 33 37 33  0 38  2 23  0  0 38 37  0 33 12 37  0  0 37  0 22  0  0 38  0  0 38 37  0 33  1  0  0 38  0  0 10 38  0 23  0 23 37 38  0 38  0  0  0 37  0 33 22  0  0 38  0 33  0 10 38  8 38  0 33  0  0  0  0 33 37  0 37
 38 34  0 30  0  0 30 22  0 35  0  0  0 11  0 34 30  0 35  0 22  0 38 35  0  0  0  0 38  0 34  0  0  0 38  0 34 35  0  0  0 35 30 35  7 38  5 11 35  0 34  0  0  0  0  0 34  0 38  0 22 35  0  0 30  0  0  0 30 34  0 34  0 22 35  0 38 34  0  0 38  0 35 30 34  0 14 30 38  0 30  0 34  0  0  0 38  0 30 11 38  0 22  0  0 34 14  0 34  0 35  0  0  0  0  8  0 35  2 30 30  0  0 38  0
  0  0 34  0 35 30  0  0 34  0 38 38 35  0 38  0  0 34  0 35  0 34  0  0 38  0  0 34  0 11  0  3 30 34  0 30  0  0 38 34 30  0  0  0 14  0 14  0  0 35  0 11 35 35 30 35  0 34  0 38  0  0 34 30  0 35 38 30  0  0 30  0 38  0  0 34  0  1 11 30  0 35  0  1  0 34  6  0  0 18  0 38  0 38 30 16  0  8  0  0  0 30  0 35 38  0  1 34  0 35  0 38 18 38 16  1 35  0  0  0  0 35 30  0 30
  0  3 15  0 32 37  0  0 21  0 38 38 32  0 38  1  0 14  0 32  0 21  0  0 38  0 34  0  0 34  0 34 37 15  0 37  0  0 38 14 37  0  0  1 34  0 34  0  0 32  0 34 32 32 37 32  0 14  0 38  0  0  2 37  0 32 38 37  0  0 37  0 38  0  0 21  0  0 34 37  0 32  0  0  0 14  0  0  0 34  0 38  3 38 37 34  0 34  0  0  0 37  0 32 38  0  0 14  0 32  0 38 34 38 34  0 32  1  0  0  0 32 37  0 37
 23 38  0 37  0  0 37 38  0 33  1  0  0 38  0 38 37  0 33  0 38  0 23 33  3 38  0  0  0  0 38  0  0  0 12  0 38 33  0  0  0 33 37 33  0 22  0 38 33  0 38  0  0  0  0  0 38  0 12  2 38 33  0  0 37  0  0  0 37 38  0 38  0 38 33  0 12 38  0  0 23  0 33 37 38  0 38 37  9  0 37  0 38  0  0  0 23  0 37 38 23  0 38  0  0 38 38  0 38  0 33  5  0  5  0 38  0 33 38 37 37  0  0 22  0
  0  0 34  0 35 30  0  0 34  0 38 38 35  1 38  0  0 34  0 35  7 34  0  0 38  0 11 34  0  0  0 11 30 34  0 30  0  0 38 34 30  0  0  0 22  0 22  0  0 35  0  7 35 35 30 35  0 34  0 38  0  0 34 30  0 35 38 30  0  0 30  0 38  5  0 34  0  0  6 30  0 35  0  1  0 34  0  0  0 24  0 38  0 38 30 20  0 11  0  0  0 30  0 35 38  0  0 34  0 35  0 38 24 38 20  1 35  0  0  0  0 35 30  0 30
 38 21  0 37  0  0 37 34  5 32  0  0  2 34  0 21 37  0 32  0 34  6 38 32  0 34  0  0 38  0  0  0  0  0 38  0 10 32  0  0  0 32 37 32  0 38  0 34 32  0 12  0  0  0  0  0 23  0 38  0 34 32  0  0 37  0  0  0 37 23  0 21  0 34 32  5 38 23  0  0 38  0 32 37 12  0 34 37 38  0 37  0 21  0  0  0 38  0 37 34 38  0 34  0  0 21 34  0 12  0 32  0  0  0  0 34  0 32 34 37 37  0  0 38  0
  0  0 34  0 35 30  0  0 34  1 38 38 35  0 38  0  0 34  0 35  0 34  0  0 38  0  3 34  0 11  0  0 30 34  0 30  0  0 38 34 30  0  0  0 14  0 14  0  0 35  0 11 35 35 30 35  0 34  0 38  1  0 34 30  0 35 38 30  0  0 30  0 38  0  0 34  0  0 11 30  0 35  0  0  0 34 10  0  0 18  0 38  0 38 30 16  0  4  0  0  0 30  0 35 38  0  9 34  0 35  0 38 18 38 16  0 35  0  1  0  0 35 30  0 30
  0  0 37  4 36 17  0  0 37  0 37 37 36  0 37  0  0 37  0 36  0 37  0  0 37  0 30 37  0 30  0 30  0 37  0  3  0  0 37 37 17  0  0  0 30  0 30  0  0 36  0 30 36 36 16 36  0 37  0 37  0  0 37 16  0 36 37 13  0  0 13  0 37  0  0 37  0  1 30 25  0 36  0  0  0 37  0  0  0 30  0 37  0 37 25 30  0 30  0  0  0 17  0 36 37  0  0 37  0 36  0 37 30 37 30  0 36  0  0  0  5 36  4  0 13
  0  0  9  0 32 37  0  0 23  0 38 38 32  0 38  0  0 11  0 32  0 23  0  0 38  0 34 15  0 34  0 34 37  0  0 37  0  0 38 11 37  0  0  0 34  0 34  0  0 32  0 34 32 32 37 32  3 24  0 38  0  0 15 37  1 32 38 37  0  4 37  0 38  0  0 23  0  1 34 37  0 32  0  0  0 11  0  0  0 34  0 38  0 38 37 34  0 34  0  0  0 37  0 32 38  1  0 24  0 32  0 38 34 38 34  0 32  1  0  0  0 32 37  0 37
 12 38  0 37  0  0 37 38  0 33  8  0  0 38  0 38 37  0 33  0 38  0 12 33  0 38  0  0 12  0 38  0  0  0  0  0 38 33  1  0  0 33 37 33  0 11  0 38 33  1 38  0  0  0  0  0 38  0  9  0 38 33  0  0 37  0  1  0 37 38  0 38  0 38 33  0  8 38  0  0 14  0 33 37 38  0 38 37 12  0 37  0 38  0  0  0 12  0 37 38 14  0 38  0  0 38 38  0 38  0 33  1  0  0  0 38  0 33 38 37 37  0  0 11  0
  0  0 37  7 36 17  3  0 37  0 37 37 36  0 37  0  0 37  0 36  0 37  0  0 37  0 30 37  0 30  0 30  3 37  0  0  0  0 37 37 17  0  0  0 30  0 30  0  0 36  0 30 36 36 16 36  0 37  0 37  0  0 37 16  0 36 37 13  0  0 13  0 37  0  0 37  0  0 30 25  0 36  0  0  0 37  0  0  0 30  0 37  0 37 25 30  0 30  0  0  0 17  0 36 37  0  0 37  0 36  0 37 30 37 30  0 36  0  0  0  3 36  1  0 13
 38 21  4 37  0  0 37 34  5 32  0  0  0 34  0 21 37  0 32  0 34  7 38 32  0 34  0  0 38  0 10  0  0  0 38  0  0 32  0  0  0 32 37 32  0 38  0 34 32  0 12  0  0  0  0  0 23  2 38  0 34 32  1  0 37  0  0  0 37 23  0 21  0 34 32 10 38 23  0  0 38  0 32 37 12  0 34 37 38  0 37  0 21  0  0  0 38  0 37 34 38  0 34  0  0 21 34  0 12  0 32  0  0  0  1 34  0 32 34 37 37  0  0 38  0
 33 32  0 36  9  0 36 35  0 20  0  0  0 35  0 32 36  0 20  0 35  0 33 16  0 35  0  0 33  0 32  0  0  0 33  0 32  0  0  0  0 13 36 13  0 33  0 35 20  0 32  0  0  0  0  0 32  0 33  0 35 20  0  0 36  3  0  0 36 32  0 32  0 35  6  0 33 32  0  1 33  3 16 36 32  0 35 36 33  0 36  0 32  0  0  0 33  0 36 35 33  0 35  0  0 32 35  0 32  0 16  0  0  0  0 35  0 20 35 36 36  0  0 33  0
  2  0 38  0 33 37  0  0 38  0 11 18 33  0 18  0  0 38  0 33  0 38  0  1 22  0 38 38  0 38  0 38 37 38  1 37  0  0  0 38 37  0  0  0 38  1 38  0  0 33  0 38 33 33 37 33  0 38  0 12  0  0 38 37  0 33 11 37  0  0 37  0  5  0  0 38  0  0 38 37  0 33  0  0  0 38  0  0  0 38  0 18  0 12 37 38  0 38  0  0  0 37  0 33  2  0  0 38  0 33  0 22 38 22 38  0 33  0  0  0  0 33 37  6 37
  0  0 11  0 32 37  0  0 21  1 38 38 32  0 38  3  0  5  0 32  0 21  0  0 38  0 34 14  0 34  0 34 37 11  0 37  0  0 38  0 37  0  0  0 34  0 34  0  0 32  0 34 32 32 37 32  2 15  0 38  0  0 14 37  0 32 38 37  0  0 37  1 38  0  0 21  0  0 34 37  0 32  0  0  0  5  0  0  0 34  0 38  0 38 37 34  0 34  0  0  0 37  0 32 38  1  0 15  0 32  0 38 34 38 34  0 32  0  0  0  0 32 37  0 37
  0  0 37  0 36  4  0  0 37  0 37 37 36  0 37  0 10 37  0 36  0 37  0  0 37  0 30 37  0 30  0 30 17 37  0 17  0  0 37 37  0  0  1  0 30  0 30  0  0 36  0 30 36 36 14 36  0 37  0 37  1  0 37 14  0 36 37 17  0  0 17  0 37  0  0 37  0  0 30 16  0 36  0  0  0 37  0  0  0 30  3 37  0 37 16 30  0 30  0  0  0  6  0 36 37  0  0 37  0 36  0 37 30 37 30  0 36  0  0  3  0 36 17  0 17
 33 32  0 36  0  0 36 35  0 24  1  0  0 35  0 32 36  0 20  0 35  0 33 12  0 35  0  0 33  0 32  0  0  0 33  0 32 13  0  0  0  0 36  8  0 33  0 35 24  7 32  0  1  2  0  0 32  1 33  1 35 24  0  0 36  0  0  0 36 32  0 32  0 35 13  0 33 32  0  0 33  0 12 36 32  0 35 36 33  0 36  0 32  0  0  0 33  0 36 35 33  0 35  0  0 32 35  0 32 10 12  0  0  0  0 35  0 20 35 36 36  1  0 33  0
 37 37  0 25  0  0 25 30  0 36  0  0  0 30  0 37 16  0 36  0 30  0 37 36  0 30  0  0 37  0 37  0  0  0 37  0 37 36  0  0  1 36  0 36  0 37  0 30 36  0 37  0  0  0  0  0 37  0 37  0 30 36  0  0 23  0  0  2 23 37  0 37  0 30 36  0 37 37  0  4 37  0 36  1 37  0 30 25 37  0 25  0 37  0  2  0 37  0  2 30 37  0 30  0  0 37 30  0 37  0 36  0  0  0  0 30  0 36 30 16 25  0  0 37  0
 33 32  0 36  0  0 36 35  0 24  0  0  0 35  0 32 36  0 20  2 35  0 33 12  0 35  0  1 33  0 32  0  0  0 33  0 32 13  0  0  0  8 36  0  1 33  0 35 24  4 32  0  6  0  0  0 32  0 33  0 35 24  0  0 36  0  1  0 36 32  0 32  0 35 13  0 33 32  0  0 33  0 12 36 32  0 35 36 33  0 36  0 32  0  0  0 33  0 36 35 33  0 35  0  0 32 35  1 32  9 12  0  1  0  0 35  0 20 35 36 36  0  0 33  0
  0  0 34  0 35 30  0  0 34  0 38 38 35  0 38  0  0 34  0 35  0 34  0  0 38  7 14 34  0 22  0 14 30 34  0 30  0  0 38 34 30  0  0  1  0  0  2  0  0 35  0 22 35 35 30 35  0 34  0 38  0  0 34 30  1 35 38 30  0  0 30  0 38  0  0 34  0  0 22 30  0 35  0  0  0 34  3  0  0 22  0 38  0 38 30 11  0 14  0  0  0 30  0 35 38  1  0 34  0 35  0 38 22 38 11  1 35  0  9  0  0 35 30  0 30
 12 38  0 37  0  0 37 38  0 33  2  0  0 38  0 38 37  0 33  0 38  0 12 33  0 38  0  0 22  0 38  0  0  0 11  0 38 33  1  0  0 33 37 33  0  0  1 38 33  0 38  0  0  1  0  0 38  0 11  3 38 33  0  0 37  0  0  0 37 38  0 38  9 38 33  0 11 38  0  0 18  0 33 37 38  0 38 37 22  0 37  0 38  0  0  0 12  0 37 38 18  0 38  0  8 38 38  0 38  0 33  0  0  0  0 38  0 33 38 37 37  0  0  8  0
  0  0 34  0 35 30  0  0 34  0 38 38 35  0 38  0  0 34  0 35  0 34  0  0 38  5 14 34  0 22  0 14 30 34  0 30  0  0 38 34 30  0  0  0  2  1  0  0  0 35  0 22 35 35 30 35  0 34  0 38  0  0 34 30  0 35 38 30  0  0 30  0 38  0  0 34  0  0 22 30  0 35  0  0  0 34  0  0  0 22  0 38  0 38 30 11  0 14  0  0  0 30  0 35 38  0  1 34  0 35  0 38 22 38 11  9 35  0 10  0  0 35 30  0 30
 38 34  0 30  0  0 30 25  0 35  0  0  0  4  0 34 30  0 35  0 20  0 38 35  0 11  0  0 38  0 34  0  0  0 38  0 34 35  0  0  0 35 30 35  0 38  0  0 35  0 34  2  0  0  0  0 34  0 38  0 25 35  0  0 30  0  0  0 30 34  0 34  0 20 35  0 38 34  0  0 38  0 35 30 34  0 16 30 38  0 30  0 34  0  0  7 38  0 30  6 38  0 25  0  1 34 16  0 34  0 35  0  0  0  9 11  0 35 11 30 30  0  0 38  0
 33 32  0 36  0  0 36 35  0  3  0  0  4 35  0 32 36  0 19  0 35  2 33 18  0 35  0  0 33  0 32  0  0  0 33  0 32 20  0  0  0 24 36 24  0 33  0 35  0  0 32  0  0  4  0  0 32  0 33  0 35  8  0  0 36  0  0  0 36 32  0 32  0 35 20  0 33 32  0  0 33  0 18 36 32  0 35 36 33  0 36  0 32  0  0  0 33  0 36 35 33  0 35  0  0 32 35  0 32  0 18  0  0  0  0 35  0 19 35 36 36  0  0 33  0
  0  0 32  0 13 36  0  0 32  0 33 33 24  1 33  0  0 32  0 12  0 32  0  2 33  0 35 32  0 35  0 35 36 32  1 36  0  0 33 32 36  7  0  4 35  0 35  0  0  0  0 35  9 24 36 20  0 32  0 33  0  0 32 36  0 13 33 36  0  0 36  0 33  0  0 32  0  0 35 36  0 13  0  0  0 32  0  0  0 35  0 33  0 33 36 35  0 35  0  0  0 36  0 20 33  0  0 32  0  5  0 33 35 33 35  0 20  0  0  0  0 12 36  0 36
 38 14  0 37  0  0 37 34  0 32  0  1  0 34  0 14 37  0 32  0 34  0 38 32  0 34  0  0 38  0 12  0  0  0 38  0 12 32  0  0  0 32 37 32  0 38  0 34 32  0  0  0  0  0  0  0 24  7 38  0 34 32  0  0 37  0  0  0 37 24  0 15  0 34 32  1 38 24  1  0 38  0 32 37  6  0 34 37 38  0 37  0 14  0  0  0 38  0 37 34 38  0 34  0  0 15 34  3  3  0 32  0  0  0  0 34  0 32 34 37 37  0  0 38  0
  0  0 34  0 35 30  0  1 34  0 38 38 35  0 38  0  0 34  0 35  4 34  0  0 38  0 11 34  0  7  0 11 30 34  0 30  0  0 38 34 30  0  0  0 22  0 22  2  0 35  0  0 35 35 30 35  0 34  0 38  0  1 34 30  0 35 38 30  0  0 30  0 38  3  0 34  0  0  7 30  0 35  0  0  0 34  0  0  0 24  0 38  0 38 30 20  0 11  0  0  0 30  0 35 38  0  0 34  0 35  0 38 24 38 20  0 35  0  0  0  0 35 30  0 30
  0  0 32  0 13 36  0  0 32  0 33 33 24  0 33  0  0 32  0 12  0 32  0  0 33  0 35 32  0 35  0 35 36 32  0 36  0  0 33 32 36  1  0  6 35  0 35  0  0  9  0 35  0 24 36 20  0 32  0 33  0  0 32 36  0 13 33 36  0  0 36  0 33  0  0 32  1  0 35 36  0 13  0  0  0 32  0  0  0 35  0 33  0 33 36 35  0 35  0  0  0 36  0 20 33  0  0 32  0  9  3 33 35 33 35  0 20  0  0  0  0 12 36  0 36
  0  0 32  0 20 36  0  0 32 10 33 33  8  0 33  0  0 32  1 18  0 32  0  0 33  0 35 32  0 35  0 35 36 32  0 36  0  0 33 32 36  2  0  0 35  1 35  0  4 24  0 35 24  0 36 19  0 32  0 33  0  5 32 36  0 20 33 36  0  0 36  0 33  0  0 32  0  0 35 36  1 20  0  0  0 32  0  0  0 35  0 33  0 33 36 35  0 35  0  0  0 36  0 19 33  0  0 32  0 24  0 33 35 33 35  0 19  0  0  0  0 18 36  0 36
  0  0 37  1 36 14  3  0 37  0 37 37 36  0 37  0  0 37  0 36  0 37  0  0 37  0 30 37  0 30  0 30 16 37  0 16  0  0 37 37 14  0  0  0 30  0 30  0  0 36  0 30 36 36  0 36  0 37  0 37  0  0 37  6  0 36 37 17  0  0 17  0 37  0  0 37  0  0 30 25  0 36  0  0  0 37  0  5  0 30  1 37  0 37 25 30  0 30  0  0  0 14  0 36 37  1  0 37  0 36  0 37 30 37 30  0 36  0  0  3  0 36 16  0 17
  0  0 32  0 20 36  0  0 32  0 33 33 19  0 33  0  0 32  9 14  0 32  0  0 33  0 35 32  0 35  0 35 36 32  0 36  0  0 33 32 36  0  0  0 35  0 35  0  0 20  0 35 20 19 36  0  0 32  0 33  0  0 32 36  0 20 33 36  0  0 36  0 33  0  0 32  0  0 35 36  0 20  0  0  0 32  0  0  0 35  0 33  0 33 36 35  0 35  0  0  0 36  0  4 33  0  0 32  0 20  1 33 35 33 35  0  2  5  0  0  0 14 36  0 36
 38 15  1 37  0  0 37 34  0 32  0  0  0 34  0 15 37  0 32  0 34  0 38 32  0 34  0  0 38  0 23  0  0  3 38  0 23 32  0  2  0 32 37 32  0 38  0 34 32  0 24  0  0  0  0  0  0  0 38  0 34 32  0  0 37  0  0  1 37  7  0 11  0 34 32  1 38  1  0  0 38  0 32 37 24  0 34 37 38  0 37  0 15  0  0  0 38  0 37 34 38  0 34  0  0 11 34  0 24  0 32  0  0  0  0 34  0 32 34 37 37  0  1 38  0
  0  0 24  0 32 37  0  0 12  0 38 38 32  0 38  0  0 15  0 32  0 12  0  0 38  0 34 14  0 34  0 34 37 24  0 37  2  0 38 15 37  1  0  0 34  0 34  0  0 32  7 34 32 32 37 32  0  0  0 38  0  0 14 37  0 32 38 37  0  0 37  2 38  0  0 12  0  0 34 37  0 32  0  0  7 15  0  0  0 34  0 38  0 38 37 34  0 34  0  0  0 37  0 32 38  0  0  2  5 32  0 38 34 38 34  0 32  0  0  0  0 32 37  0 37
 12 38  0 37  0  0 37 38  0 33  9  0  0 38  3 38 37  0 33  0 38  0 12 33  2 38  0  0 12  0 38  0  0  0  9  0 38 33  0  0  0 33 37 33  0 11  0 38 33  0 38  0  0  0  0  0 38  0  0  0 38 33  0  0 37  0  3  0 37 38  0 38  0 38 33  0  7 38  0  0 14  0 33 37 38  0 38 37 12  0 37  0 38  0  0  0 12  0 37 38 14  0 38  1  4 38 38  0 38  0 33  0  0  0  0 38  0 33 38 37 37  0  0 11  0
  9  0 38  0 33 37  0  0 38  0 12 13 33  0 13  0  0 38  0 33  0 38  9  0 23  0 38 38  2 38  0 38 37 38  0 37  0  0 12 38 37  1  0  0 38  3 38  0  0 33  0 38 33 33 37 33  0 38  0  0  0  0 38 37  0 33 12 37  0  0 37  0 12  0  0 38  0  0 38 37  0 33  0  0  0 38  0  0  0 38  0 13  0  8 37 38  6 38  0  0  0 37  0 33 12  0  1 38  0 33  0 23 38 23 38  0 33  0  0  0  0 33 37  0 37
 38 34  0 30  1  0 30  7  0 35  0  0  0 25  0 34 30  0 35  0 24  0 38 35  0 22  0  0 38  0 34  1  0  0 38  0 34 35  0  0  1 35 30 35  0 38  0 25 35  0 34  0  0  0  0  0 34  0 38  0  0 35  0  0 30  0  0  0 30 34  0 34  0 24 35  1 38 34  0  0 38  0 35 30 34  0 18 30 38  3 30  0 34  0  0  0 38  0 30 25 38  0  1  0  0 34 18  0 34  0 35  0  2  0  0 22  0 35 22 30 30  0  0 38  0
 33 32  0 36  0  0 36 35  0  3  0  0  2 35  0 32 36  0 19  0 35  0 33 18  0 35  0  0 33  0 32  0  0  0 33  0 32 20  0  0  0 24 36 24  0 33  0 35  8  0 32  1  0  5  0  0 32  0 33  0 35  0  0  0 36  1  0  0 36 32  0 32  0 35 20  0 33 32  0  0 33  0 18 36 32  1 35 36 33  0 36  0 32  0  0  0 33  0 36 35 33  0 35  4  0 32 35  0 32  0 18  0  0  0  0 35  0 19 35 36 36  0  0 33  0
  0  5 15  0 32 37  0  0 21  0 38 38 32  0 38  2  0 14  0 32  0 21  0  0 38  0 34  2  0 34  0 34 37 15  0 37  1  0 38 14 37  0  0  0 34  0 34  0  0 32  0 34 32 32 37 32  0 14  0 38  0  0  0 37  0 32 38 37  0  0 37  1 38  0  0 21  0  0 34 37  0 32  0  0  0 14  0  0  0 34  0 38  1 38 37 34  0 34  0  0  0 37  0 32 38  0  0 14  0 32  0 38 34 38 34  0 32  0  0  0  0 32 37  0 37
  0  0 37  0 36 14  9  0 37  0 37 37 36  0 37  0  1 37  0 36  0 37  0  0 37  0 30 37  0 30  0 30 16 37  0 16  0  0 37 37 14  0  0  0 30  0 30  0  0 36  0 30 36 36  6 36  0 37  0 37  0  0 37  0  0 36 37 17  2  0 17  0 37  0  0 37  0  0 30 25  0 36  0  0  0 37  0  3  0 30  3 37  0 37 25 30  0 30  0  0  0 14  0 36 37  0  0 37  0 36  0 37 30 37 30  0 36  0  0  0  1 36 16  0 17
 37 37  0 13  0  0 17 30  0 36  0  0  0 30  0 37 17  0 36  0 30  0 37 36  0 30  0  0 37  0 37  0  0  1 37  0 37 36  0  0  0 36 23 36  1 37  0 30 36  0 37  0  0  0  0  0 37  0 37  0 30 36  0  0  0  0  0  5  9 37 10 37  0 30 36  0 37 37  0  0 37  0 36 23 37  0 30 17 37  0 17  0 37  0  0  0 37  0 23 30 37  0 30  0  0 37 30  0 37  0 36  0  0  0  0 30  0 36 30 17 13  0  0 37  9
  0  0 32  0  5 36  1  0 32  0 33 33 20  0 33  0  0 32  0 16  0 32  0  0 33  0 35 32  0 35  0 35 36 32  0 36  0  3 33 32 36  0  0  0 35  0 35  0  0 13  0 35 13 20 36 20  0 32  0 33  0  1 32 36  0  0 33 36  0  0 36  0 33  0  1 32  0  0 35 36  0  2  0  0  0 32  0  0  0 35  0 33  0 33 36 35  0 35  0  0  0 36  0 20 33  0  0 32  0 13  0 33 35 33 35  0 20  0  0  0  0 16 36  0 36
  0  0 38  0 33 37  0  0 38  0  3 14 33  0 14  0  0 38  0 33  0 38  0  0 12  0 38 38  0 38  0 38 37 38  1 37  0  0 11 38 37  0  0  1 38  0 38  0  0 33  0 38 33 33 37 33  0 38  3 12  0  0 38 37  0 33  0 37  0  0 37  0 11  0  0 38  1  0 38 37  0 33  0  0  0 38  0  0  1 38  0 14  0 12 37 38  0 38  0  0  0 37  0 33 11  0  0 38  0 33  0 12 38 12 38  0 33  0  0  0  0 33 37  2 37
  0  0 37  0 36 17  0  0 37  0 37 37 36  0 37  0  0 37  0 36  0 37  0  0 37  0 30 37  0 30  0 30 13 37  0 13  0  0 37 37 17  0  2  0 30  0 30  0  0 36  0 30 36 36 17 36  1 37  0 37  0  0 37 17  5 36 37  0  4  0  1  0 37  0  0 37  0  0 30 23  0 36  0  0  0 37  0  0  0 30  0 37  0 37 23 30  0 30  0  0  0 17  0 36 37  0  0 37  0 36  0 37 30 37 30  0 36  0  0  0  0 36 13  0  6
 37 37  0 13  0  0 17 30  0 36  0  0  0 30  0 37 17  0 36  0 30  0 37 36  0 30  0  0 37  0 37  0  0  0 37  0 37 36  0  0  0 36 23 36  0 37  0 30 36  0 37  0  0  0  0  0 37  0 37  0 30 36  0  2  9  0  0  4  0 37  4 37  0 30 36  0 37 37  0  1 37  0 36 23 37  0 30 17 37  0 17  0 37  0  0  0 37  0 23 30 37  0 30  0  0 37 30  0 37  0 36  0  0  0  1 30  0 36 30 17 13  2  0 37  7
 38 15  8 37  0  0 37 34  2 32  0  0  0 34  0 15 37  0 32  0 34  0 38 32  0 34  0  0 38  0 23  0  0  4 38  0 23 32  0  0  0 32 37 32  0 38  0 34 32  0 24  0  0  0  0  0  7  0 38  0 34 32  0  0 37  0  0  0 37  0  0 11  0 34 32  0 38  4  0  0 38  0 32 37 24  4 34 37 38  0 37  0 15  0  0  0 38  0 37 34 38  0 34  0  1 11 34  0 24  2 32  0  0  0  0 34  0 32 34 37 37  0  0 38  0
  0  0 37  0 36 17  0  0 37  0 37 37 36  0 37  0  0 37  0 36  0 37  0  0 37  0 30 37  0 30  0 30 13 37  0 13  0  0 37 37 17  0  0  0 30  0 30  0  0 36  0 30 36 36 17 36  0 37  0 37  0  0 37 17 10 36 37  1  4  0  0  0 37  0  0 37  0  0 30 23  0 36  0  0  0 37  0  0  0 30  0 37  0 37 23 30  0 30  2  0  0 17  0 36 37  0  0 37  0 36  0 37 30 37 30  0 36  0  0  0  0 36 13  0  4
 38 14  2 37  0  0 37 34  0 32  0  0  0 34  0 14 37  7 32  0 34  0 38 32  0 34  0  0 38  0 21  0  0  0 38  0 21 32  0  1  0 32 37 32  0 38  0 34 32  0 15  0  0  0  0  0 11  2 38  0 34 32  1  0 37  0  0  0 37 11  0  0  0 34 32  0 38 11  0  0 38  0 32 37 15  7 34 37 38  0 37  0 14  0  0  0 38  0 37 34 38  0 34  0  0  8 34  0 15  0 32  0  0  0  0 34  0 32 34 37 37  0  0 38  0
  0  0 38  0 33 37  0  0 38  1 11 18 33  0 18  0  0 38  0 33  0 38  0  0 22  0 38 38  0 38  0 38 37 38  0 37  0  0  5 38 37  0  0  0 38  9 38  0  0 33  0 38 33 33 37 33  0 38  0 12  0  0 38 37  0 33 11 37  0  0 37  0  0  0  0 38  0  0 38 37  0 33  0  0  0 38  0  0  0 38  0 18  0 12 37 38  0 38  0  1  0 37  0 33  8  0  0 38  0 33  0 22 38 22 38  0 33  0  0  0  0 33 37  7 37
 38 34  0 30  0  0 30 24  0 35  0  0  0 20  0 34 30  0 35  0  3  0 38 35  0 22  0  0 38  5 34  0  0  0 38  0 34 35  0  0  0 35 30 35  0 38  0 20 35  0 34  3  0  0  0  0 34  0 38  0 24 35  0  0 30  0  0  0 30 34  0 34  0  0 35  0 38 34  1  1 38  0 35 30 34  0 11 30 38  1 30  0 34  0  0  0 38  0 30 20 38  0 24  0  0 34 11  0 34  0 35  0  0  0  2 22  0 35 22 30 30  0  0 38  0
 33 32  0 36  2  0 36 35  0 20  0  0  1 35  0 32 36  0 20  0 35  0 33 16  0 35  0  0 33  0 32  0  0  0 33  0 32  6  0  0  0 13 36 13  0 33  0 35 20  0 32  0  0  0  0  0 32  0 33  0 35 20  0  0 36  1  0  0 36 32  0 32  0 35  0  0 33 32  0  0 33  3 16 36 32  0 35 36 33  0 36  0 32  0  0  1 33  0 36 35 33  0 35  0  0 32 35  0 32  0 16  0  0  0  0 35  0 20 35 36 36  0  0 33  0
  0  0 23  0 32 37  0  0  3  0 38 38 32  0 38  0  0 21  0 32  0  4  0  0 38  0 34 21  0 34  5 34 37 23  0 37 10  0 38 21 37  0  0  0 34  0 34  0  0 32  1 34 32 32 37 32  1 12  0 38  1  0 21 37  0 32 38 37  0  0 37  0 38  0  0  0  0  0 34 37  0 32  0  0  0 21  0  0  0 34  0 38  0 38 37 34  0 34  0  0  0 37  0 32 38  0  0 12  0 32  0 38 34 38 34  0 32  0  0  0  0 32 37  0 37
 12 38  0 37  0  0 37 38  0 33  2  3  0 38  0 38 37  0 33  0 38  0 12 33  0 38  0  0 12  0 38  0  0  0  8  0 38 33  0  0  0 33 37 33  0 11  0 38 33  0 38  0  1  0  0  0 38  0  7  0 38 33  0  0 37  0  1  0 37 38  0 38  0 38 33  0  0 38  0  0 14  0 33 37 38  0 38 37 12  0 37  0 38  0  0  0 12  0 37 38 14  0 38  0  0 38 38  0 38  0 33  0  0  2  0 38  0 33 38 37 37  0  0 11  0
 38 15  1 37  0  0 37 34  0 32  0  0  0 34  0 15 37  1 32  0 34  1 38 32  0 34  1  0 38  0 23  0  1  1 38  0 23 32  0  0  0 32 37 32  0 38  0 34 32  0 24  0  0  0  0  0  1  0 38  0 34 32  0  0 37  0  0  0 37  4  0 11  0 34 32  0 38  0  0  0 38  0 32 37 24  0 34 37 38  0 37  0 15  0  0  0 38  0 37 34 38  0 34  0  0 11 34  0 24  0 32  0  0  0  0 34  0 32 34 37 37  0  0 38  0
  0  0 34  0 35 30  0  0 34  0 38 38 35  0 38  0  0 34  0 35  2 34  0  0 38  0 11 34  0  6  0 11 30 34  0 30  0  0 38 34 30  0  0  0 22  0 22  0  0 35  1  7 35 35 30 35  0 34  0 38  0  0 34 30  0 35 38 30  0  0 30  0 38  1  0 34  0  0  0 30  0 35  0  0  0 34  0  0  0 24  0 38  0 38 30 20  0 11  0  1  0 30  0 35 38  0  0 34  0 35  0 38 24 38 20  0 35  0  2  0  0 35 30  0 30
  0  0 37  0 36 16  0  0 37  0 37 37 36  0 37  0  1 37  0 36  0 37  0  0 37  0 30 37  0 30  0 30 25 37  0 25  0  1 37 37 16  0  4  0 30  0 30  0  0 36  0 30 36 36 25 36  0 37  0 37  0  0 37 25  0 36 37 23  1  0 23  0 37  1  0 37  0  0 30  0  0 36  0  4  0 37  0  0  0 30  0 37  0 37 10 30  0 30  2  0  0 16  0 36 37  0  0 37  0 36  0 37 30 37 30  0 36  0  0  0  0 36 25  0 23
 13 38  0 37  0  0 37 38  0 33  4 10  0 38 10 38 37  0 33  0 38  0 13 33  0 38  0  0 23  0 38  0  0  0 14  0 38 33  0  0  0 33 37 33  0 18  0 38 33  0 38  0  0  1  0  0 38  0 14  0 38 33  0  0 37  0  0  0 37 38  0 38  0 38 33  0 14 38  0  0  0  0 33 37 38  0 38 37 23  0 37 10 38  0  0  0 13  0 37 38  7  0 38  0  0 38 38  0 38  0 33  0  0  0  1 38  0 33 38 37 37  0  0 18  0
  0  0 32  0 10 36  0  0 32  0 33 33 20  0 33  0  0 32  0 16  0 32  0  0 33  0 35 32  0 35  0 35 36 32  0 36  0  3 33 32 36  0  0  0 35  0 35  0  0 13  0 35 13 20 36 20  0 32  0 33  0  0 32 36  0  2 33 36  0  0 36  0 33  0  3 32  0  0 35 36  0  0  0  0  0 32  0  0  0 35  0 33  0 33 36 35  0 35  0  0  0 36  0 20 33  0  0 32  0 13  0 33 35 33 35  0 20  0  0  0  0 16 36  0 36
 33 32  0 36  0  0 36 35  1 18  0  0  0 35  0 32 36  0 14  1 35  0 33  6  1 35  0  0 33  0 32  0  0  0 33  0 32 16  0  0  0 12 36 12  0 33  0 35 18  0 32  0  0  0  0  0 32  0 33  0 35 18  0  0 36  0  0  0 36 32  0 32  0 35 16  0 33 32  0  0 33  0  0 36 32  0 35 36 33  0 36  0 32  0  0  0 33  1 36 35 33  0 35  3  0 32 35  0 32  1  1  0  0  0  0 35  0 14 35 36 36  9  0 33  0
 37 37  0 25  0  0 25 30  0 36  0  0  0 30  0 37 16  0 36  0 30  0 37 36  0 30  1  0 37  1 37  0  0  0 37  0 37 36  0  0  0 36  1 36  0 37  0 30 36  0 37  0  0  0  0  0 37  0 37  0 30 36  0  0 23  0  0  0 23 37  0 37  0 30 36  0 37 37  0  4 37  0 36  0 37  0 30 25 37  0 25  0 37  0  6  0 37  0  1 30 37  2 30  0  0 37 30  0 37  0 36  0  0  0  0 30  0 36 30 16 25  0  0 37  1
 38 14  0 37  0  0 37 34  0 32  0  0  0 34  0 14 37  3 32  0 34  1 38 32  0 34  0  0 38  0 12  0  0  0 38  0 12 32  0  0  0 32 37 32  0 38  0 34 32  0  6  0  0  0  0  0 24  7 38  0 34 32  0  0 37  0  0  0 37 24  0 15  0 34 32  0 38 24  0  0 38  0 32 37  0  0 34 37 38  0 37  0 14  0  0  0 38  0 37 34 38  0 34  0  0 15 34  2  1  0 32  0  0  0  0 34  1 32 34 37 37  0  0 38  0
  0  0 11  0 32 37  1  0 21  0 38 38 32  0 38  0  0  1  0 32  0 21  0  0 38  0 34 14  0 34  0 34 37 11  0 37  0  0 38  5 37  0  0  0 34  0 34  0  0 32  0 34 32 32 37 32  0 15  0 38  0  1 14 37  0 32 38 37  0  4 37  7 38  0  0 21  0  0 34 37  0 32  0  0  0  0  0  0  0 34  0 38  0 38 37 34  0 34  0  0  0 37  0 32 38  7  0 15  1 32  0 38 34 38 34  0 32  0  0  0  0 32 37  0 37
 38 34  0 30  0  0 30 18  0 35  0  0  0 16  0 34 30  0 35  0 11  0 38 35  0 14  6  0 38  0 34 10  0  0 38  0 34 35  0  0  0 35 30 35  3 38  0 16 35  0 34  0  0  0  0  0 34  0 38  0 18 35  0  0 30  0  0  0 30 34  0 34  0 11 35  0 38 34  0  0 38  0 35 30 34  0  0 30 38  0 30  0 34  0  1  1 38  2 30 16 38  0 18  0  0 34  7  0 34  0 35  0  1  0  0 14  0 35 14 30 30  0  0 38  0
 37 37  0 16  0  0  3 30  0 36  0  0  0 30  0 37 14  2 36  0 30  0 37 36  0 30  0  0 37  0 37  0  0  0 37  0 37 36  0  0  0 36 25 36  0 37  0 30 36  0 37  0  0  0  5  0 37  0 37  0 30 36  0  3 17  0  0  0 17 37  0 37  0 30 36  0 37 37  0  0 37  0 36 25 37  0 30  0 37  0  4  0 37  0  0  0 37  0 25 30 37  0 30  0  0 37 30  0 37  0 36  0  0  0  0 30  0 36 30 14 16  0  0 37  3
 23 38  0 37  0  0 37 38  0 33  0  0  0 38  0 38 37  0 33  0 38  0 23 33 10 38  0  0  9  0 38  0  0  0 12  0 38 33  0  0  0 33 37 33  0 22  0 38 33  0 38  0  0  0  0  0 38  0 12  0 38 33  0  0 37  0  1  0 37 38  0 38  0 38 33  0 12 38  0  0 23  0 33 37 38  0 38 37  0  0 37  0 38  1  0  0 23  0 37 38 23  0 38  0  0 38 38  0 38  0 33  9  0  8  0 38  0 33 38 37 37  0  0 22  0
  0  0 34  0 35 30  0  8 34  0 38 38 35  0 38  0  0 34  0 35  0 34  0  0 38  0 18 34  0 24  0 18 30 34  0 30  0  0 38 34 30  0  0  0 22  0 22  0  0 35  0 24 35 35 30 35  0 34  0 38  3  0 34 30  0 35 38 30  0  0 30  0 38  1  0 34  0  0 24 30  0 35  0  0  0 34  0  0  0  0  0 38  0 38 30 25  0 18  0  0  0 30  1 35 38  0  0 34  0 35  0 38  5 38 25  0 35  0  0  0  0 35 30  0 30
 37 37  0 16  0  0 10 30  0 36  0  0  0 30  0 37 14  0 36  0 30  0 37 36  0 30  0  0 37  0 37  0  0  0 37  0 37 36  0  0  3 36 25 36  0 37  0 30 36  0 37  0  0  0  1  0 37  0 37  0 30 36  0  3 17  0  0  0 17 37  0 37  0 30 36  0 37 37  0  0 37  0 36 25 37  0 30  4 37  0  0  0 37  0  0  0 37  0 25 30 37  0 30  0  0 37 30  0 37  0 36  0  0  0  0 30  0 36 30 14 16  0  1 37  0
  1  0 38  0 33 37  0  0 38  0 14  4 33  0  4  0  0 38  0 33  0 38  0  0 23  0 38 38  0 38  0 38 37 38  0 37  0  0 18 38 37  0  0  0 38  0 38  0  0 33  0 38 33 33 37 33  0 38  0 13  0  0 38 37  0 33 14 37  0  0 37  0 18  0  0 38  0  0 38 37 10 33  0  0  0 38  0  0  0 38  0  0  0 13 37 38  0 38  0  0  8 37  0 33 18  0  0 38  0 33  0 23 38 23 38  0 33  0  0  0  0 33 37  0 37
 38  9  0 37  0  0 37 34  0 32  0  0  0 34  0  8 37  0 32  0 34  0 38 32  0 34  0  3 38  0 21  0  0  0 38  0 21 32  0  0  0 32 37 32  0 38  0 34 32  0 14  0  0  0  0  0 15  0 38  0 34 32  1  0 37  0  0  0 37 15  0 14  0 34 32  0 38 15  0  0 38  0 32 37 14  0 34 37 38  0 37  0  0  0  0  0 38  1 37 34 38  0 34  0  0 14 34  0 14  0 32  0  0  0  0 34  0 32 34 37 37  0  0 38  0
 10  0 38  0 33 37  0  0 38  0 12 13 33  0 13  0  0 38  0 33  0 38  5  0 23  0 38 38  0 38  0 38 37 38  0 37  0  0 12 38 37  0  0  0 38  0 38  0  0 33  0 38 33 33 37 33  0 38  0  8  0  0 38 37  0 33 12 37  0  0 37  0 12  0  0 38  0  0 38 37  0 33  0  0  0 38  0  0  1 38  0 13  0  0 37 38  5 38  0  0  0 37  0 33 12  0  0 38  0 33  0 23 38 23 38  0 33  0  0  0  0 33 37  3 37
  0  0 37  1 36 16  0  0 37  0 37 37 36  0 37  0  0 37  0 36  1 37  0  0 37  0 30 37  0 30  0 30 25 37  0 25  0  0 37 37 16  0  2  0 30  0 30  0  0 36  0 30 36 36 25 36  0 37  0 37  0  0 37 25  0 36 37 23  0  0 23  0 37  0  0 37  0  0 30 10  0 36  0  6  0 37  1  0  0 30  0 37  0 37  0 30  0 30  5  0  0 16  0 36 37  1  0 37  0 36  0 37 30 37 30  0 36  0  0  1  0 36 25  0 23
  0  0 34  1 35 30  0  0 34  0 38 38 35  1 38  0  0 34  0 35  0 34  0  0 38  0 16 34  0 20  0 16 30 34  0 30  0  0 38 34 30  0  0  0 11  0 11  7  0 35  0 20 35 35 30 35  0 34  0 38  0  0 34 30  0 35 38 30  0  0 30  0 38  0  1 34  0  0 20 30  0 35  0  0  0 34  1  0  0 25  0 38  0 38 30  0  0 16  0  7  0 30  0 35 38  0  0 34  0 35  0 38 25 38  7  0 35  0  0  0  0 35 30  0 30
  6 38  0 37  0  0 37 38  0 33  0  0  0 38  5 38 37  0 33  0 38  0  4 33  0 38  0  0 23  0 38  0  0  0 12  0 38 33  0  0  0 33 37 33  0 12  0 38 33  0 38  0  0  0  0  0 38  0 12  6 38 33  0  0 37  0  0  0 37 38  0 38  0 38 33  0 12 38  0  0 13  0 33 37 38  0 38 37 23  0 37  0 38  5  0  0  0  0 37 38 13  0 38  1  1 38 38  0 38  0 33  0  0  0  0 38  0 33 38 37 37  0  0 12  0
  0  0 34  0 35 30  0  0 34  0 38 38 35  0 38  0  0 34  0 35  0 34  0  0 38  0  8 34  0 11  0  4 30 34  0 30  0  0 38 34 30  0  0  0 14  0 14  0  0 35  0 11 35 35 30 35  0 34  0 38  0  0 34 30  0 35 38 30  0  0 30  0 38  0  0 34  0  0 11 30  0 35  1  0  0 34  2  0  0 18  0 38  1 38 30 16  0  0  0  0  0 30  0 35 38  0  7 34  0 35  0 38 18 38 16  0 35  0  0  0  0 35 30  0 30
 37 37  0 25  0  2 25 30  0 36  0  0  0 30  0 37 16  0 36  0 30  0 37 36  0 30  0  0 37  0 37  0  0  0 37  0 37 36  0  0  0 36  2 36  0 37  0 30 36  0 37  0  0  0  0  0 37  0 37  0 30 36  0  0 23  0  0  0 23 37  2 37  0 30 36  0 37 37  0  2 37  0 36  1 37  0 30 25 37  0 25  0 37  0  5  0 37  0  0 30 37  0 30  0  0 37 30  0 37  0 36  0  0  0  0 30  0 36 30 16 25  0  0 37  0
 38 34  0 30  1  0 30 25  0 35  0  0  0  2  0 34 30  0 35  0 20  0 38 35  0 11  0  0 38  0 34  0  0  0 38  0 34 35  0  0  0 35 30 35  0 38  0  6 35  0 34  0  0  0  0  0 34  0 38  0 25 35  0  0 30  0  0  0 30 34  0 34  1 20 35  0 38 34  1  0 38  0 35 30 34  0 16 30 38  0 30  0 34  0  0  7 38  0 30  0 38  0 25  0  0 34 16  0 34  0 35  0  0  0  4 11  0 35 11 30 30  0  0 38  0
 13 38  0 37  0  0 37 38  0 33  0  5  0 38  3 38 37  0 33  0 38  0 13 33  0 38  0  0 23  0 38  0  0  0 14  0 38 33  0  0  0 33 37 33  0 18  0 38 33  0 38  0  0  0  0  0 38  0 14  0 38 33  0  0 37  0  0  0 37 38  0 38  0 38 33  0 14 38  0  0  7  0 33 37 38  0 38 37 23  0 37  8 38  0  0  0 13  0 37 38  0  0 38  0  0 38 38  1 38  0 33  0  0  0  0 38  0 33 38 37 37  0  0 18  0
  0  0 37  0 36  9  0  0 37  0 37 37 36  0 37  0  6 37  0 36  0 37  0  0 37  0 30 37  0 30  0 30 17 37  0 17  0  0 37 37  6  0  0  0 30  0 30  0  0 36  0 30 36 36 14 36  0 37  0 37  0  0 37 14  0 36 37 17  0  0 17  0 37  0  0 37  0  0 30 16  0 36  0  2  0 37  0  0  0 30  0 37  0 37 16 30  0 30  0  0  0  0  0 36 37  0  0 37  0 36  0 37 30 37 30  0 36  0  0  9  0 36 17  0 17
 38 34  0 30  0  0 30  3  0 35  0  0  0 25  0 34 30  0 35  0 24  1 38 35  0 22  0  0 38  0 34  0  0  0 38  0 34 35  0  0  0 35 30 35  0 38  0 25 35  0 34  0  0  0  0  0 34  0 38  0  1 35  0  0 30  0  0  0 30 34  0 34  0 24 35  0 38 34  0  0 38  0 35 30 34  0 18 30 38  1 30  0 34  0  0  0 38  0 30 25 38  0  0  0  0 34 18  0 34  0 35  0  1  0  0 22  0 35 22 30 30  0  0 38  0
  0  0 32  0 20 36  0  0 32  0 33 33 19  0 33  0  0 32  7 14  0 32  0  0 33  0 35 32  0 35  0 35 36 32  0 36  0  0 33 32 36  0  0  0 35  0 35  0  0 20  0 35 20 19 36  4  0 32  1 33  0  4 32 36  0 20 33 36  0  0 36  0 33  0  0 32  0  0 35 36  0 20  3  0  0 32  0  0  0 35  0 33  0 33 36 35  1 35  0  0  0 36  0  0 33  0  0 32  1 20  0 33 35 33 35  0  7  6  0  0  0 14 36  0 36
  0  0 38  0 33 37  1  0 38  0 11 18 33  0 18  0  0 38  0 33  0 38  0  0 22  0 38 38  0 38  0 38 37 38  0 37  0  0  2 38 37  0  0  0 38  8 38  1  0 33  0 38 33 33 37 33  0 38  4 12  0  0 38 37  0 33 11 37  0  1 37  0  8  0  0 38  0  0 38 37  0 33  0  0  0 38  0  0  0 38  0 18  0 12 37 38  1 38  0  0  0 37  0 33  0  0  0 38  1 33  0 22 38 22 38  0 33  0  0  0  0 33 37  5 37
 38 14  0 37  0  0 37 34  0 32  0  0  2 34  0 14 37  9 32  0 34  0 38 32  0 34  0  0 38  0 21  0  0  1 38  0 21 32  0  1  0 32 37 32  1 38  0 34 32  0 15  0  0  0  1  0 11  0 38  0 34 32  0  0 37  0  0  0 37 11  0  8  0 34 32  0 38 11  0  0 38  0 32 37 15  7 34 37 38  0 37  0 14  0  1  0 38  0 37 34 38  0 34  0  0  0 34  2 15  0 32  0  0  0  0 34  0 32 34 37 37  0  0 38  0
 38 34  0 30  0  0 30 18  0 35  0  0  0 16  0 34 30  0 35  0 11  0 38 35  0 14  1  0 38  0 34  9  0  0 38  0 34 35  0  0  0 35 30 35  0 38  1 16 35  0 34  0  0  0  0  0 34  0 38  1 18 35  0  0 30  0  0  0 30 34  0 34  0 11 35  0 38 34  0  0 38  0 35 30 34  0  7 30 38  0 30  0 34  0  0  0 38  7 30 16 38  0 18  0  0 34  0  0 34  0 35  0  0  0  2 14  0 35 14 30 30  0  0 38  0
  0  0 24  1 32 37  0  0 12  0 38 38 32  0 38  0  0 15  0 32  0 12  0  0 38  0 34 14  0 34  0 34 37 24  0 37  0  0 38 15 37  0  0  1 34  0 34  0  0 32  3 34 32 32 37 32  0  2  0 38  0  0 14 37  0 32 38 37  0  0 37  0 38  0  0 12  0  0 34 37  0 32  0  0  2 15  0  0  0 34  0 38  0 38 37 34  0 34  0  0  1 37  0 32 38  2  0  0  3 32  0 38 34 38 34  0 32  0  0  0  0 32 37  0 37
 38 14  0 37  0  0 37 34  1 32  0  0  0 34  0 14 37  0 32  0 34  0 38 32  0 34  0  0 38  0 12  0  0  0 38  0 12 32  0  0  0 32 37 32  0 38  0 34 32  0  3  0  0  0  0  0 24  5 38  0 34 32  0  0 37  0  0  0 37 24  0 15  0 34 32  0 38 24  0  0 38  0 32 37  1  1 34 37 38  0 37  0 14  0  0  0 38  0 37 34 38  0 34  1  1 15 34  3  0  3 32  0  0  0  0 34  0 32 34 37 37  0  0 38  0
  0  0 32  0 13 36  0  0 32  0 33 33 24  0 33  0  0 32  0 12  0 32  0  0 33  0 35 32  0 35  0 35 36 32  0 36  0  0 33 32 36 10  0  9 35  0 35  0  0  5  0 35  9 24 36 20  0 32  0 33  0  0 32 36  0 13 33 36  0  2 36  0 33  0  0 32  0  0 35 36  0 13  1  0  0 32  0  0  0 35  0 33  0 33 36 35  0 35  0  0  0 36  0 20 33  0  0 32  3  0  0 33 35 33 35  0 20  0  0  0  0 12 36  0 36
 33 32  0 36  1  0 36 35  0 18  0  0  0 35  0 32 36  0 14  6 35  0 33  1  0 35  0  0 33  0 32  0  0  0 33  0 32 16  0  0  0 12 36 12  0 33  0 35 18  0 32  0  3  0  0  1 32  0 33  0 35 18  0  0 36  0  0  0 36 32  0 32  0 35 16  0 33 32  0  0 33  0  1 36 32  0 35 36 33  0 36  0 32  0  0  0 33  0 36 35 33  0 35  0  0 32 35  0 32  0  0  0  0  0  0 35  0 14 35 36 36  6  0 33  0
  1  0 38  0 33 37  0  0 38  0 12 23 33  0 23  0  0 38  0 33  0 38  0  0 10  0 38 38  5 38  0 38 37 38  1 37  0  0 22 38 37  0  0  0 38  0 38  0  0 33  0 38 33 33 37 33  0 38  0 23  0  0 38 37  0 33 12 37  0  0 37  0 22  0  0 38  0  0 38 37  0 33  0  0  0 38  0  0  9 38  0 23  0 23 37 38  0 38  0  0  0 37  0 33 22  0  0 38  0 33  0  0 38  2 38  0 33  0  0  0  0 33 37  0 37
  0  0 34  0 35 30  0  6 34  0 38 38 35  0 38  0  0 34  0 35  1 34  0  0 38  0 18 34  0 24  0 18 30 34  0 30  0  0 38 34 30  0  0  1 22  0 22  0  0 35  0 24 35 35 30 35  0 34  0 38  2  0 34 30  0 35 38 30  0  0 30  0 38  0  0 34  0  0 24 30  0 35  0  0  0 34  1  0  0  5  0 38  0 38 30 25  0 18  0  0  0 30  1 35 38  0  0 34  0 35  0 38  0 38 25  0 35  0  0  0  0 35 30  0 30
  0  0 38  0 33 37  0  0 38  0 12 23 33  0 23  0  0 38  0 33  0 38  1  0  8  0 38 38  5 38  0 38 37 38  0 37  0  0 22 38 37  0  0  0 38  0 38  0  0 33  0 38 33 33 37 33  0 38  0 23  0  0 38 37  0 33 12 37  0  0 37  0 22  0  0 38  2  0 38 37  0 33  0  0  0 38  0  0  8 38  0 23  0 23 37 38  0 38  0  0  0 37  0 33 22  0  0 38  0 33  0  2 38  0 38  0 33  0  0  0  0 33 37  0 37
  0  0 34  0 35 30  0  0 34  0 38 38 35 10 38  0  0 34  0 35  0 34  0  0 38  0 16 34  0 20  0 16 30 34  0 30  1  0 38 34 30  0  0  0 11  0 11  9  0 35  0 20 35 35 30 35  0 34  0 38  0  0 34 30  0 35 38 30  1  0 30  0 38  2  0 34  0  0 20 30  1 35  0  0  0 34  0  0  0 25  0 38  0 38 30  7  0 16  0  4  0 30  0 35 38  0  2 34  0 35  0 38 25 38  0  0 35  0  0  0  0 35 30  0 30
 38 34  0 30  0  0 30 22  0 35  0  0  0 11  0 34 30  0 35  0 22  0 38 35  0  8  1  0 38  1 34  0  0  0 38  0 34 35  0  0  0 35 30 35  1 38  9 11 35  0 34  0  0  0  0  0 34  0 38  0 22 35  0  0 30  0  0  0 30 34  0 34  0 22 35  0 38 34  0  0 38  0 35 30 34  0 14 30 38  0 30  0 34  0  0  0 38  0 30 11 38  0 22  0  0 34 14  0 34  0 35  0  0  0  0  0  0 35  9 30 30  0  0 38  0
  0  1 32  0 20 36  0  0 32  0 33 33 19  0 33  0  0 32  4 14  0 32  0  3 33  0 35 32  0 35  0 35 36 32  0 36  0  0 33 32 36  0  0  0 35  0 35  0  0 20  0 35 20 19 36  2  0 32  0 33  0  0 32 36  0 20 33 36  0  0 36  0 33  0  0 32  0  0 35 36  0 20  0  0  1 32  0  0  0 35  0 33  0 33 36 35  0 35  0  0  0 36  0  7 33  0  0 32  0 20  0 33 35 33 35  0  0  9  0  0  0 14 36  0 36
 33 32  0 36  0  0 36 35  0 19  0  0  2 35  0 32 36  0  9  2 35  0 33 14  0 35  0  1 33  0 32  0  0  1 33  0 32 20  0  0  0 20 36 20  0 33  0 35 19  0 32  0  0  0  0  5 32  0 33  0 35 19  0  0 36  0  0  0 36 32  0 32  0 35 20  0 33 32  0  0 33  0 14 36 32  0 35 36 33  0 36  0 32  0  0  0 33  0 36 35 33  0 35  6  0 32 35  0 32  0 14  0  0  0  0 35  9  0 35 36 36  0  0 33  0
 38 34  0 30  0  0 30 22  0 35  0  0  0 11  0 34 30  0 35  0 22  0 38 35  0  2  0  0 38  0 34  1  0  0 38  0 34 35  0  0  0 35 30 35  9 38 10 11 35  0 34  0  0  0  0  0 34  0 38  0 22 35  0  0 30  0  0  0 30 34  0 34  0 22 35  0 38 34  2  0 38  0 35 30 34  0 14 30 38  0 30  0 34  0  0  0 38  0 30 11 38  0 22  0  0 34 14  0 34  0 35  0  0  0  0  9  0 35  0 30 30  0  0 38  0
 37 37  0 17  0  1 14 30  0 36  0  0  0 30  0 37 10  0 36  0 30  0 37 36  0 30  0  0 37  0 37  0  0  0 37  0 37 36  0  0  3 36 16 36  0 37  0 30 36  0 37  0  0  0  3  0 37  0 37  0 30 36  0  0 17  0  0  0 17 37  0 37  0 30 36  0 37 37  0  0 37  0 36 16 37  0 30 14 37  0 14  0 37  0  1  0 37  0 16 30 37  9 30  0  0 37 30  0 37  0 36  0  0  0  0 30  0 36 30  0 17  0  0 37  0
 37 37  0  4  0  0 16 30  0 36  0  0  0 30  0 37 17  0 36  0 30  0 37 36  0 30  0  0 37  0 37  0  5  0 37  3 37 36  0  0  0 36 25 36  0 37  0 30 36  0 37  0  0  0  0  0 37  0 37  0 30 36  0  1 13  0  0  0 13 37  0 37  0 30 36  0 37 37  0  0 37  0 36 25 37  0 30 16 37  0 16  0 37  0  0  0 37  0 25 30 37  0 30  0  0 37 30  0 37  0 36  0  0  0  0 30  0 36 30 17  0  0 10 37  0
  0  0 32  0 16 36  0  0 32  0 33 33 18  0 33  0  0 32  1  4  0 32  0  6 33  0 35 32  0 35  0 35 36 32  0 36  0  0 33 32 36  1  0  0 35  0 35  0  0 12  0 35 12 18 36 14  0 32  0 33  0  0 32 36  0 16 33 36  2  0 36  0 33  0  0 32  0  0 35 36  0 16  9  0  0 32  0  0  0 35  0 33  0 33 36 35  0 35  0  0  0 36  0 14 33  0  0 32  0 12  6 33 35 33 35  0 14  0  0  0  0  0 36  0 36
  0  0 37  6 36 17  0  0 37  0 37 37 36  0 37  0  0 37  0 36  0 37  0  0 37  0 30 37  0 30  0 30  4 37  0  1  0  0 37 37 17  0  0  0 30  0 30  0  0 36  0 30 36 36 16 36  1 37  0 37  0  0 37 16  0 36 37 13  0  0 13  0 37  0  0 37  0  0 30 25  0 36  0  0  0 37  0  0  0 30  1 37  0 37 25 30  0 30  0  0  0 17  0 36 37  0  0 37  0 36  0 37 30 37 30  0 36  0  0  0 10 36  0  0 13
 12 38  0 37  0  0 37 38  0 33  0  0  0 38  0 38 37  0 33  0 38  0 12 33  0 38  0  0 22  0 38  0  0  0 11  0 38 33  6  0  0 33 37 33  0  8  0 38 33  0 38  0  0  0  0  0 38  0 11  0 38 33  0  0 37  0  2  0 37 38  0 38  7 38 33  0 11 38  0  0 18  0 33 37 38  0 38 37 22  0 37  0 38  3  0  0 12  0 37 38 18  0 38  0  5 38 38  0 38  0 33  0  0  0  0 38  0 33 38 37 37  0  0  0  0
  0  0 37  0 36 17  0  0 37  0 37 37 36  0 37  0  0 37  0 36  0 37  0  0 37  0 30 37  0 30  0 30 13 37  0 13  0  0 37 37 17  0  0  0 30  0 30  0  0 36  0 30 36 36 17 36  0 37  0 37  0  0 37 17  9 36 37  6  7  0  4  0 37  0  0 37  0  0 30 23  0 36  0  1  0 37  0  3  0 30  0 37  0 37 23 30  0 30  0  0  0 17  0 36 37  0  0 37  0 36  0 37 30 37 30  0 36  0  0  0  0 36 13  0  0
