        125

  0 31 18  0  0  0 31  0  0 27  0 30  0  0 31  0 38 27  0  0 30  0 27  0  0 38  0 38 31 31  0  0  0  0 38  0  0  0  0  0 30 20  0  0  0  0  0 27 30 30 27  0  0  0  0 38  0  0  0  1 38 20 11 38  5  0 31 31  0 30 27  0 31 38 27 30 27 31  0  0 30  0 27 25  0 38  0  9 30 11  0  0 38  0  5 27 38  0 30 27  0  1  0 25 30  0 31 31 38  0 31  6  0  1 18 20 30 30 38  0 31  0  0  0 27
 31  0  0 38 23 31  0 31 38  0 40  0 31 40  0 38  0  0 38 38  0 38  0 40 38  0 40  0  0  0 31 31 40 11  0 38 38 16 38 40  0  0 38 31 40 40 11  0  0  0  0 38  2 21 38  0 38 38 40 38  0  0  0  0  0 38  2  0 38  0  0 38  0  0  0  0  0  0 38  2  0 38  0  0 38  0 38 31  0  2 31 31  0 40  0  0  0  2  0  0 31 31 16  0  0 23  0  0  0 40  0  0 31 38  0  0  0  0  0 21  5 38 16 40  0
 18  0  0 27 31 13  0 11 30  0 38  0  5 38  0 30  0  0 30 30  0 30  0 38 30  0 38  0  0  0 11 14 38 31  0 27 27 31 27 38  0  0 27 14 38 38 31  0  0  0  0 27 31 31 30  0 27 27 38 30  0  0  3  0  0 30  0  0 27  0  0 27  0  0  1  0  0  0 30 31  0 30  0  0 27  0 30 18  0  0 11  1  0 38  0  0  0 31  0  0 14 13 31  1  0 31  0  0  0 38  0  0  1 27  6  0  0  0  0 31  1 27 31 38  0
  0 38 27  0  0  0 38  0  0 12  0 31  0  0 38  0 30 17  0  0 31  0 19  0  0 30  0 30 38 38  0  0  0  0 30  0  0  0  0  0 31 27  0  0  0  0  0  1 31 31 17  0  0  0  0 30  0  0  0  0 30 27 27 30 27  0 38 38  0 31 12  1 38 30 19 31  8 38  0  0 31  0  9 27  0 30  0  0 31 27  0  0 30  0 27 22 30  0 31 22  0  0  0 27 31  0 38 38 30  0 38 27  0  1 27 27 31 31 30  0 38  0  0  0 12
  0 23 31  0  0  0 22  0  0 38  0 38  0  0 11  0 40 38  0  0 38  0 38  0  0 40  0 40 11  6  0  0  0  0 40  0  0  0  0  0 38 31  0  0  0  0  2 38 38 38 38  0  0  0  0 40  0  0  0  0 40 31 31 40 31  0 22 24  0 38 38  0 24 40 38 38 38 24  0  0 38  0 38 31  0 40  0  0 38 31  0  0 40  0 31 38 40  0 38 38  0  0  0 31 38  5 11  7 40  0  9 31  0  0 31 31 38 38 40  2 23  0  0  0 38
  0 31 13  0  0  0 31  0  1 27  0 30  0  0 31  0 38 27  0  0 30  0 27  0  0 38  0 38 31 31  0  0  0  0 38  0  0  0  0  0 30  9  0  0  0  0  0 27 30 30 27  0  0  1  0 38  0  0  0  0 38  8 22 38 20  0 31 31  0 30 27  0 31 38 27 30 27 31  0  0 30  0 27 12  0 38  0  1 30 22  0  0 38  0 20 27 38  0 30 27  0  8  0 12 30  1 31 31 38  0 31 20  0  0 13  8 30 30 38  0 31  0  0  0 27
 31  0  0 38 22 31  0 31 38  0 40  0 31 40  0 38  0  0 38 38  0 38  0 40 38  0 40  0  0  0 31 31 40 25  0 38 38  8 38 40  0  0 38 31 40 40 25  0  0  0  0 38 16 19 38  0 38 38 40 38  0  0  0  0  0 38  7  0 38  0  0 38  0  0  0  0  0  0 38 16  0 38  0  0 38  0 38 31  0  0 31 31  0 40  0  0  0 16  0  0 31 31  8  0  0 22  0  0  0 40  0  0 31 38  0  0  0  0  0 19  2 38  3 40  0
  0 31 11  0  0  0 31  0  0 27  0 30  1  0 31  0 38 27  0  0 30  0 27  0  0 38  0 38 31 31  2  0  0  0 38  0  0  0  0  0 30 22  0  0  0  0  0 27 30 30 27  2  0  0  0 38  0  0  0  0 38 22  9 38 11  0 31 31  0 30 27  0 31 38 27 30 27 31  0  0 30  0 27 18  0 38  0  0 30  9  1  0 38  0 11 27 38  0 30 27  0  0  0 18 30  0 31 31 38  0 31 11  0  0 11 22 30 30 38  0 31  0  1  0 27
  0 38 30  0  0  1 38  0  0 31  0 14  0  0 38  6 30 31  0  0 13  0 31  0  2 30  0 30 38 38  0  0  2  0 30  0  0  0  0  0 13 30  0  0  0  0  0 31 13 19 31  0  0  0  0 30  0  0  0  0 30 30 30 30 30  0 38 38  0 14 31  0 38 30 31  3 31 38  0  0 13  0 31 30  0 30  0  0 19 30  0  0 30  0 30 31 30  0  9 31  0  0  0 30  5  0 38 38 30  0 38 30  0  0 30 30 13 14 30  0 38  0  0  0 31
 27  0  0 12 38 27  0 27 31  0 30  0 27 30  0 31  0  0 31 31  0 31  0 30 31  0 30  0  0  0 27 27 30 38  0 16  8 38 16 30  0  0 14 27 30 30 38  0  0  0  0 16 38 38 31  0 14 17 30 31  0  0  0  0  0 31  0  0 14  0  8  9  0  0  0  0  0  0 31 38  0 31  0  0 17  0 31 27  0  0 27 27  0 30  0  0  0 38  0  0 27 27 38  0  0 38  0  0  0 30  0  0 27 12  0  0  0  0  0 38  0 17 38 30  5
  0 40 38  0  0  0 40  0  0 30  0 30  0  0 40  0 14 30  0  0 30  0 30  0  0 22  0 13 40 40  0  0  0  0 13  0  0  0  0  0 30 38  0  0  0  0  0 30 30 30 30  0  0  0  0  1  2  0  0  0 22 38 38 13 38  0 40 40  0 30 30  0 40 18 30 30 30 40  0  0 30  0 30 38  0 14  0  0 30 38  0  0 22  0 38 30  8  0 30 30  0  0  0 38 30  0 40 40 18  6 40 38  0  0 38 38 30 30 14  0 40  1  0  9 30
 30  0  0 31 38 30  0 30 14  0 30  0 30 30  0 14  0  0 11 11  0 11  0 30 24  0 30  0  0  0 30 30 30 38  0 31 31 38 31 30  0  0 31 30 30 30 38  0  0  0  0 31 38 38  9  0 31 31 30 24  0  0  0  0  1 11  0  0 31  9  0 31  0  0  0  0  0  0 11 38  0 10  0  0 31  0 11 30  0  0 30 30  0 30  0  0  0 38  0  0 30 30 38  0  2 38  0  0  0 30  0  0 30 31  0  0  0  8  0 38  0 31 38 30  0
  0 31  5  0  0  0 31  1  0 27  0 30  0  0 31  0 38 27  1  0 30  0 27  0  0 38  0 38 31 31  0  0  0  0 38  0  0  0  0  0 30 13  0  0  0  0  0 27 30 30 27  0  0  0  0 38  0  0  0  0 38 13 11 38 18  0 31 31  0 30 27  0 31 38 27 30 27 31  0  0 30  0 27 14  0 38  0  0 30 11  0  9 38  0 18 27 38  0 30 27  2  0  0 14 30  0 31 31 38  0 31 18 10  0  2 13 30 30 38  0 31  0  0  0 27
  0 40 38  0  0  0 40  0  0 30  0 30  0  0 40  0 24 30  0  0 30  0 30  0  0  7  6 20 40 40  0  0  0  0 20  0  0  0  0  0 30 38  0  0  0  1  0 30 30 30 30  0  0  0  0 22  0  0  0  0  7 38 38 20 38  0 40 40  0 30 30  0 40 14 30 30 30 40  0  0 30  0 30 38  0 24  0  0 30 38  0  0  3  0 38 30 22  0 30 30  0  0  0 38 30  0 40 40 14  0 40 38  0  0 38 38 30 30 24  0 40  0  0  0 30
 31  0  0 38 11 31  0 31 38  0 40  0 31 40  0 38  0  0 38 38  0 38  0 40 38  0 40  0  5  0 31 31 40 22  0 38 38 19 38 40  0  0 38 31 40 40 22  0  0  0  0 38 21  7 38  0 38 38 40 38  0  0  0  0  0 38  0  0 38  0  0 38  1  0  0  0  0  0 38 21  0 38  0  0 38  0 38 31  0  0 31 31  0 40  0  0  0 21  0  0 31 31 19  0  0 11  8  1  0 40  0  0 31 38  0  0  0  0  0 10  0 38 19 40  0
  0 38 30  0  0  0 38  0  6 31  0 14  0  0 38  0 30 31  0  0 13  0 31  0  0 30  0 30 38 38  0  0  0  0 30  0  0  0  0  0 13 30  0  0  0  0  0 31 13 19 31  0  0  0  0 30  0  0  0  1 30 30 30 30 30  0 38 38  0 14 31  0 38 30 31  1 31 38  0  0 13  0 31 30  0 30  0  0 19 30  0  0 30  0 30 31 30  0  5 31  0  0  0 30 10  0 38 38 30  0 38 30  0  0 30 30 13 14 30  0 38  0  0  0 31
 38  0  0 30 40 38  0 38 30  0 14  0 38 24  0 30  0  0 30 30  0 30  0 20 30  0 24  0  0  0 38 38 20 40  1 30 30 40 30 11  0  0 30 38 11  3 40  0  0  0  0 30 40 40 30  0 30 30  1 30  1  0  0  0  0 30  0  0 30  0  0 30  0  0  0  0  0  1 30 40  0 30  0  0 30  2 30 38  0  0 38 38  0 11  0  0  0 40  0  0 38 38 40  0  0 40  0  0  0 14  0  0 38 30  0  0  0  0  9 40  0 30 40 14  0
 27  0  0 17 38 27  0 27 31  0 30  0 27 30  0 31  0  0 31 31  0 31  2 30 31  0 30  0  0  0 27 27 30 38  0 18 14 38 18 30  0  0  7 27 30 30 38  0  0  0  1 18 38 38 31  0  7 23 30 31  0  0  0  0  0 31  0  0  8  0  0 14  0  0  0  0  0  0 31 38  0 31  0  0 23  0 31 27  0  0 27 27  0 30  0  1  0 38  0  0 27 27 38  0  0 38  0  0  0 30  0  0 27 17  0  0  0  0  0 38  0 23 38 30  0
  0 38 30  0  0  0 38  0  0 31  0 11  1  0 38  0 30 31  0  0 13  0 31  0  0 30  0 30 38 38  0  0  0  0 30  0  0  0  0  0 19 30  0  0  0  0  0 31 19  2 31  0  0  0  0 30  0  0  0  0 30 30 30 30 30  8 38 38  0 11 31  0 38 30 31 19 31 38  0  0 13  0 31 30  0 30 10  0  9 30  0  0 30  0 30 31 30  0 19 31  1  0  0 30 19  0 38 38 30  0 38 30  0  0 30 30 13 11 30  0 38  0  0  0 31
  0 38 30  0  0  0 38  0  0 31  0 11  0  0 38  0 30 31  0  0 24  6 31  0  0 30  0 30 38 38  0  0  0  0 30  0  0  0  0  0  4 30  0  0  0  0  0 31  9 19 31  0  0  0  0 30  0  0  0  0 30 30 30 30 30  0 38 38  0 11 31  0 38 30 31 13 31 38  8  0 24  0 31 30  0 30  0  0 19 30  0  0 30  0 30 31 30  0 13 31  0  0  0 30 13  0 38 38 30  0 38 30  0  0 30 30 24 11 30  0 38  0  0  0 31
 30  0  0 31 38 30  0 30 13  0 30  0 30 30  0 13  0  0 13 24  0 24  0 30 10  0 30  0  0  0 30 30 30 38  1 31 31 38 31 30  0  0 31 30 30 30 38  0  0  0  0 31 38 38 24  0 31 31 30  3  0  0  0  0  0 13  0  0 31  0  0 31  0  0  0  0  0  0 24 38  9 24  0  0 31  0 13 30  0  0 30 30  0 30  0  0  0 38  0  0 30 30 38  0  2 38  0  0  0 30  0  0 30 31  0  0  7  0  0 38  0 31 38 30  0
  0 38 30  0  0  0 38  0  0 31  0 11  0  0 38  0 30 31  0  6 24  0 31  0  0 30  0 30 38 38  0  0  0  0 30  0  0  0  0  0  6 30  0  0  0  0  0 31  1 19 31  0  0  0  0 30  1  0  0  0 30 30 30 30 30  0 38 38  0 11 31  0 38 30 31 13 31 38  1  0 24  0 31 30  0 30  0  0 19 30  0  0 30  0 30 31 30  0 13 31  0  0  0 30 13  0 38 38 30  0 38 30  0  0 30 30 24 11 30  0 38  0  0  0 31
 27  0  0 19 38 27  0 27 31  0 30  0 27 30  0 31  0  2 31 31  0 31  0 30 31  0 30  0  0  0 27 27 30 38  0 24 17 38 24 30  0  0 23 27 30 30 38  0  0  0  0 24 38 38 31  0 23  6 30 31  0  0  0  0  0 31  0  0 23  0  0 17  0  0  7  0  0  0 31 38  0 31  0  0  7  0 31 27  0  0 27 27  0 30  0  2  0 38  0  0 27 27 38  0  0 38  0  0  0 30  0  0 27 19  0  0  0  0  0 38  0  8 38 30  0
  0 40 38  0  0  0 40  0  0 30  0 30  0  0 40  0 20 30  0  0 30  0 30  0  0 20  0 10 40 40  0  0  6  0 10  0  2  0  0  0 30 38  0  0  0  0  0 30 30 30 30  0  0  0  0 13  0  0  3  0 20 38 38  7 38  0 40 40  0 30 30  0 40 11 30 30 30 40  0  0 30  0 30 38  0 20  0  0 30 38  0  0 20  0 38 30 13  0 30 30  0  0  0 38 30  0 40 40 11  0 40 38  0  1 38 38 30 30 20  0 40  0  0  0 30
  0 38 30  0  0  0 38  0  2 31  0 24  0  0 38  0 30 31  0  0 10  0 31  0  0 30  0 30 38 38  0  0  0  0 30  0  0  0  0  0 24 30  0  0  0  1  0 31 24 13 31  0  0  0  1 30  0  0  0  7 30 30 30 30 30  0 38 38  0 24 31  0 38 30 31 13 31 38  0  0  6  0 31 30  0 30  0  0 13 30  0  0 30  0 30 31 30  0 13 31  0  0  0 30 13  0 38 38 30  0 38 30  0  0 30 30  4 24 30  0 38  0  0  0 31
 38  0  0 30 40 38  0 38 30  0 22  0 38  7  0 30  0  0 30 30  0 30  0 20 30  0  5  0  0  0 38 38 20 40  0 30 30 40 30 14  0  0 30 38 14 24 40  0  0  0  0 30 40 40 30  0 30 30 24 30  8  0  0  0  0 30  0  0 30  0  0 30  0  0  0  0  0  0 30 40  0 30  0  0 30  0 30 38  0  0 38 38 10 14  1  0  0 40  0  0 38 38 40  0  0 40  0  0  0 22  0  0 38 30  0  0  1  0  0 40  0 30 40 22  0
  0 40 38  0  0  0 40  0  0 30  0 30  0  6 40  0 24 30  0  0 30  0 30  0  0  5  0 20 40 40  0  0  0  0 20  0  0  0  0  0 30 38  0  0  0  0  0 30 30 30 30  0  0  0  0 22  0  0  0  0  6 38 38 20 38  0 40 40  0 30 30  0 40 14 30 30 30 40  0  0 30  0 30 38  0 24  0  0 30 38  0  0  9  0 38 30 22  0 30 30  0  0  0 38 30  0 40 40 14  0 40 38  0  0 38 38 30 30 24  1 40  0  0  0 30
 38  0  0 30 40 38  0 38 30  0 13  0 38 20  0 30  0  0 30 30  0 30  0 10 30  0 20  0  0  0 38 38  7 40 10 30 30 40 30 11  0  0 30 38 11 20 40  0  0  0  0 30 40 40 30  0 30 30 20 30  0  0  0  2  0 30  0  0 30  1  0 30  1  0  0  1  0  0 30 40  0 30  0  0 30  0 30 38  0  0 38 38  1 11  0  0  0 40  0  0 38 38 40  0  0 40  0  0  0 13  0  0 38 30  0  0  0  0  0 40  0 30 40 13  0
 31  0  0 38 11 31  0 31 38  0 40  0 31 40  5 38  0  0 38 38  0 38  0 40 38  0 40  0  0  2 31 31 40 22  0 38 38 19 38 40  0  0 38 31 40 40 22  0  0  0  0 38 21  8 38  0 38 38 40 38  0  0  0  0  0 38  0  0 38  0  0 38  0  0  0  0  0  0 38 21  0 38  0  0 38  0 38 31  0  0 31 31  0 40  0  0  0 21  0  0 31 31 19  0  0 11  3  0  0 40  0  0 31 38  0  0  0  0  0  2  0 38 19 40  0
 31  0  0 38  6 31  0 31 38  0 40  0 31 40  0 38  0  0 38 38  0 38  0 40 38  0 40  0  2  0 31 31 40 24  0 38 38 22 38 40  0  0 38 31 40 40 24  0  0  0  0 38 23 11 38  0 38 38 40 38  1  0  0  0  0 38  0  0 38  0  0 38  0  0  0  0  0  0 38 23  0 38  0  0 38  0 38 31  0  0 31 31  0 40  0  0  0 23  0  0 31 31 22  0  0  5  0 10  0 40  4  0 31 38  0  0  0  0  0 11  0 38 22 40  0
  0 31 11  0  0  0 31  2  0 27  0 30  0  0 31  0 38 27  0  0 30  0 27  0  0 38  0 38 31 31  0  0  0  0 38  0  0  0  0  0 30 22  0  4  0  0  0 27 30 30 27  0  0  0  0 38  0  0  0  0 38 22  9 38 11  0 31 31  0 30 27  0 31 38 27 30 27 31  0  0 30  0 27 18  0 38  0  0 30  3  9  0 38  0 11 27 38  1 30 27  0  0  0 18 30  0 31 31 38  0 31 11  1  0 11 22 30 30 38  0 31  0  0  0 27
  0 31 14  0  0  0 31  0  0 27  0 30  0  0 31  0 38 27  0  0 30  0 27  0  0 38  0 38 31 31  0  0  0  0 38  0  0  0  1  0 30 12  0  9  0  0  0 27 30 30 27  0  0  0  0 38  0  0  0  0 38 12 18 38 25  0 31 31  0 30 27  0 31 38 27 30 27 31  0  0 30  0 27  6  0 38  2  0 30 18  1  1 38  0 25 27 38  0 30 27  5  0  0 10 30  0 31 31 38  0 31 25  0  0 14 12 30 30 38  0 31  0  0  0 27
  0 40 38  0  0  0 40  0  2 30  0 30  0  0 40  0 20 30  0  0 30  0 30  6  0 20  0  7 40 40  0  0  0  0  6  0  0  0  0  0 30 38  0  0  0  0  0 30 30 30 30  0  0  0  0 13  0  0  0  0 20 38 38  5 38  0 40 40  0 30 30  0 40 11 30 30 30 40  0  0 30  0 30 38  0 20  0  0 30 38  0  0 20  0 38 30 13  0 30 30  0  0  0 38 30  0 40 40 11  0 40 38  0  0 38 38 30 30 20  0 40  0  0  0 30
  0 11 31  0  0  0 25  0  0 38  0 38  0  0 22  0 40 38  0  0 38  0 38  0  0 40  0 40 22 24  0  0  0  0 40  0  0  0  0  0 38 31  0  0  0  0  6 38 38 38 38  0  0  3  0 40  0  0  0  0 40 31 31 40 31  0 25  6  0 38 38  0  9 40 38 38 38  2  0  0 38  0 38 31  0 40  0  0 38 31  0  0 40  0 31 38 40  0 38 38  0  0  0 31 38  2 22 24 40  0 24 31  0  0 31 31 38 38 40  0 11  0  0  0 38
 38  0  0 30 40 38  0 38 30  0 13  0 38 20  0 30  1  0 30 30  1 30  0 10 30  0 20 10  0  0 38 38  6 40  0 30 30 40 30 11  0  0 30 38 11 20 40  0  0  0  0 30 40 40 30  0 30 30 20 30  1  0  0  9  0 30  0  0 30  0  0 30  0  0  0  0  0  0 30 40  0 30  0  0 30  0 30 38  0  0 38 38  0 11  0  0  0 40  0  0 38 38 40  0  0 40  0  0  0 13  0  0 38 30  0  0  0  0  0 40  0 30 40 13  0
  0 38 27  0  0  0 38  0  0 16  0 31  0  0 38  0 30 18  0  0 31  0 24  0  0 30  0 30 38 38  0  0  0  0 30  0  0  0  5  0 31 27  0  1  0  0  0 22 31 31 18  6  0  0  0 30  0  0  0  0 30 27 27 30 27  0 38 38  3 31 16  0 38 30 24 31 22 38  0  0 31  0 22 27  0 30  0  0 31 27  0  0 30  0 27  4 30  0 31  7  0  0  0 27 31  0 38 38 30  0 38 27  0  0 27 27 31 31 30  0 38  0  0  0 16
  0 38 27  0  0  0 38  0  0  8  0 31  0  0 38  0 30 14  0  0 31  0 17  2  0 30  0 30 38 38  0  0  0  0 30  0  0  0  0  0 31 27  0  0  0  0  0 12 31 31 14  0  0  0  0 30  0  0  0  0 30 27 27 30 27  0 38 38  0 31  9  4 38 30 17 31 12 38  0  0 31  0 12 27  0 30  0  0 31 27  0  0 30  0 27 16 30  0 31 16  0  0  0 27 31  0 38 38 30  0 38 27  0  3 27 27 31 31 30  0 38  0  0  0  6
  0 16 31  0  0  0  8  0  0 38  0 38  0  0 19  0 40 38  0  0 38  0 38  0  0 40  0 40 19 22  0  0  0  0 40  0  0  0  0  0 38 31  0  0  0  0  0 38 38 38 38  0  0  0  0 40  0  0  0  0 40 31 31 40 31  0 10 25  0 38 38  0 25 40 38 38 38 25  0  2 38  0 38 31  0 40  0  0 38 31  2  0 40  0 31 38 40  0 38 38  0  0  8 31 38  0 19 22 40  0 22 31  0  0 31 31 38 38 40  0 16  0  7  0 38
  0 38 27  0  0  0 38  0  0 16  0 31  0  0 38  0 30 18  0  0 31  0 24  0  0 30  0 30 38 38  0  1  0  0 30  5  0  0  0  0 31 27  0  0  0  0  0 22 31 31 18  3  0  0  0 30  0  0  0  0 30 27 27 30 27  0 38 38  0 31 16  0 38 30 24 31 22 38  0  0 31  0 22 27  0 30  0  0 31 27  1  0 30  0 27  4 30  0 31  1  0  0  0 27 31  0 38 38 30  0 38 27  0  0 27 27 31 31 30  0 38  0  0  0 16
  0 40 38  0  0  0 40  0  0 30  0 30  0  0 40  0 11 30  0  0 30  0 30  0  0 14  0 11 40 40  0  0  0  0 11  0  0  0  0  0 30 38  0  0  3  0  0 30 30 30 30  0  0  0  0 18  0  0  0  0 14 38 38 11 38  0 40 40  0 30 30  0 40  3 30 30 30 40  0  0 30  0 30 38  0 11  0  0 30 38  0  0 14  1 38 30 18  0 30 30  0  0  0 38 30  0 40 40  6  0 40 38  0  0 38 38 30 30 11  0 40  1  0  0 30
 30  0  0 31 38 30  0 30 13  0 30  0 30 30  0 13  0  0 19  4  0  6  0 30 24  0 30  0  0  0 30 30 30 38  0 31 31 38 31 30  0  0 31 30 30 30 38  0  9  0  0 31 38 38 11  1 31 31 30 24  0  0  0  0  0 19  1  0 31  0  0 31  0  0  0  0  0  0  7 38  0 11  0  1 31  0 19 30  0  1 30 30  0 30  0  0  0 38  0  0 30 30 38  0  0 38  0  0  0 30  0  0 30 31  0  0  0  0  0 38  0 31 38 30  0
 20  0  0 27 31  9  0 22 30  0 38  0 13 38  0 30  0  0 30 30  0 30  0 38 30  0 38  0  0  0 22 12 38 31  0 27 27 31 27 38  0  0 27 12 38 38 31  0  0  0  0 27 31 31 30  0 27 27 38 30  0  8  0  0  1 30  0  0 27  0  0 27  0  0  0  0  0  1 30 31  0 30  0  0 27  0 30 20  0  0 22 13  0 38  0  0  0 31  0  0 12  1 31  0  0 31  0  0  0 38  0  0 13 27  0  3  0  0  0 31  0 27 31 38  0
  0 38 27  0  0  0 38  0  0 14  0 31  0  0 38  0 30  7  0  0 31  0 23  0  0 30  0 30 38 38  0  0  0  0 30  0  0  0  0  0 31 27  0  0  0  0  0 17 31 31  2  0  0  0  0 30  4  0  0  0 30 27 27 30 27  0 38 38  8 31 14  0 38 30 23 31 17 38  0  0 31  0 17 27  0 30  0  0 31 27  0  1 30  0 27 18 30  0 31 18  0  0  0 27 31  0 38 38 30  0 38 27  0  0 27 27 31 31 30  0 38  0  0  0 14
  0 31 14  0  0  0 31  0  0 27  0 30  0  0 31  0 38 27  0  0 30  0 27  0  0 38  0 38 31 31  4  9  0  0 38  1  0  0  0  0 30 12  0  0  0  0  0 27 30 30 27  0  0  0  0 38  0  0  0  0 38 12 18 38 25  0 31 31  0 30 27  0 31 38 27 30 27 31  0  0 30  0 27  9  0 38  0  0 30 18  0  0 38  0 25 27 38  0 30 27  5  0  0  2 30  0 31 31 38  0 31 25  2  0 14 12 30 30 38  0 31  0  0  0 27
  0 40 38  0  0  0 40  0  0 30  0 30  0  0 40  0 11 30  0  0 30  0 30  0  0 14  0 11 40 40  0  0  0  0 11  0  0  0  0  3 30 38  0  0  0  0  0 30 30 30 30  0  0  0  0 18  0  0  0  0 14 38 38 11 38  0 40 40  0 30 30  0 40  8 30 30 30 40  0  0 30  0 30 38  0 11  0  0 30 38  0  0 14  5 38 30 18  0 30 30  0  0  0 38 30  0 40 40  2  0 40 38  0  0 38 38 30 30 11  0 40  0  0  0 30
  0 40 38  0  0  0 40  0  0 30  0 30  0  1 40  0  3 30  0  0 30  0 30  0  1 24  0 20 40 40  0  0  0  0 20  0  0  0  0  0 30 38  0  0  0  0  0 30 30 30 30  0  0  0  1 14  0  0  1  0 24 38 38 20 38  0 40 40  0 30 30  1 40 11 30 30 30 40  0  0 30  0 30 38  0  4  0  0 30 38  0  0 24  0 38 30 14  0 30 30  0  0  0 38 30  0 40 40 11  0 40 38  0  0 38 38 30 30  6  0 40  0  0  0 30
  0 11 31  0  2  0 25  0  0 38  0 38  0  0 22  0 40 38  0  0 38  0 38  0  0 40  0 40 22 24  0  0  0  6 40  0  0  0  0  0 38 31  0  0  0  0  0 38 38 38 38  0  0  0  0 40  0  0  0  0 40 31 31 40 31  0 25  2  0 38 38  0  8 40 38 38 38  7  0  0 38  0 38 31  0 40  0  0 38 31  0  0 40  0 31 38 40  0 38 38  0  0  0 31 38  0 22 24 40  0 24 31  0  0 31 31 38 38 40  1 11  0  0  0 38
 27  0  0  1 38 27  0 27 31  0 30  0 27 30  0 31  0  0 31 31  0 31  0 30 31  0 30  0  0  0 27 27 30 38  0 22 12 38 22 30  0  0 17 27 30 30 38  0  0  0  0 22 38 38 31  0 17 19 30 31  0  0  0  0  0 31  0  0 17  0  4 12  0  0  0  0  7  0 31 38  0 31  6  0 19  0 31 27  0  0 27 27  0 30  0  0  0 38  0  0 27 27 38  0  0 38  0  0  0 30  0  2 27  1  0  0  0  0  0 38  0 19 38 30  0
 30  0  0 31 38 30  0 30 13  0 30  0 30 30  0 13  0  0 19  9  0  1  0 30 24  0 30  0  0  0 30 30 30 38  0 31 31 38 31 30  9  0 31 30 30 30 38  0  0  0  0 31 38 38 11  0 31 31 30 24  0  0  0  0  0 19  0  0 31  0  0 31  0  0  0  0  0  0  7 38  0 11  0  0 31  0 19 30  1  0 30 30  0 30  0  0  0 38  0  0 30 30 38  0  0 38  0  0  0 30  0  0 30 31  0  0  0  0  0 38  0 31 38 30  0
 30  0  0 31 38 30  0 30 19  0 30  0 30 30  0 19  0  0  2 19  0 19  0 30 13  0 30  0  0  0 30 30 30 38  0 31 31 38 31 30  0  0 31 30 30 30 38  0  0  0  0 31 38 38 11  0 31 31 30 13  0  0  0  0  0  1  0  0 31  0  0 31  0  0  0  0  0  0 19 38  0 11  0  0 31  0  5 30  7  0 30 30  0 30  0  0  0 38  0  0 30 30 38  0  0 38  0  0  0 30  0  0 30 31  0  0  0  0  0 38  0 31 38 30  0
 27  0  0 17 38 27  0 27 31  0 30  0 27 30  0 31  0  1 31 31  0 31  0 30 31  0 30  0  0  0 27 27 30 38  0 18 14 38 18 30  0  0  2 27 30 30 38  0  0  0  0 18 38 38 31  0  3 23 30 31  0  0  1  0  0 31  0  0  1  0  0 14  0  1  0  0  0  0 31 38  0 31  0  0 23  0 31 27  0  0 27 27  0 30  0  0  0 38  0  2 27 27 38  0  0 38  0  0  0 30  0  0 27 17  0  0  0  0  0 38  0 23 38 30  0
  0 38 27  0  0  0 38  2  0 16  0 31  0  0 38  0 30 18  0  0 31  0 24  0  0 30  0 30 38 38  0  0  0  0 30  6  0  0  3  0 31 27  0  0  0  0  0 22 31 31 18  0  0  0  0 30  3  0  0  0 30 27 27 30 27  0 38 38  0 31 16  0 38 30 24 31 22 38  0  0 31  0 22 27  0 30  0  0 31 27  0  0 30  0 27  2 30  0 31  2  0  0  0 27 31  0 38 38 30  0 38 27  0  0 27 27 31 31 30  0 38  0  0  0 16
  0  2 31  0  0  0 16  0  0 38  0 38  0  0 21  0 40 38  0  0 38  0 38  0  0 40  0 40 21 23  0  0  0  0 40  0  0  0  0  0 38 31  0  0  0  0  0 38 38 38 38  0  0  0  0 40  0  0  0  0 40 31 31 40 31  0 16 11  0 38 38  0 11 40 38 38 38 11  0  8 38  0 38 31  0 40  0  0 38 31  0  0 40  0 31 38 40  1 38 38  1  0  0 31 38  0 21 23 40  0 23 31  0  0 31 31 38 38 40  0  7  0  2  0 38
  0 21 31  0  0  1 19  0  0 38  0 38  0  0  7  0 40 38  0  0 38  0 38  0  0 40  0 40  8 11  0  0  0  3 40  0  0  0  0  0 38 31  0  0  0  0  0 38 38 38 38  0  0  0  1 40  0  0  0  0 40 31 31 40 31  0 19 22  0 38 38  0 22 40 38 38 38 22  0  0 38  0 38 31  0 40  0  0 38 31  0  0 40  0 31 38 40  0 38 38  0  0  0 31 38  2  9 11 40  0 11 31  0  0 31 31 38 38 40  6 21  0  0  0 38
  0 38 30  0  0  0 38  0  0 31  0  9  0  0 38  0 30 31  0  0 24  0 31  0  1 30  0 30 38 38  0  0  0  0 30  0  0  0  0  0 11 30  0  0  0  1  0 31 11 11 31  0  0  1  0 30  0  0  0  0 30 30 30 30 30  0 38 38  0  6 31  0 38 30 31 14 31 38  0  0 24  3 31 30  0 30  0  1 11 30  0  0 30  0 30 31 30  0 14 31  0  0  0 30 14  0 38 38 30  0 38 30  0  0 30 30 24  8 30  0 38  0  0  0 31
 38  0  0 30 40 38  0 38 30  0  1  0 38 22  0 30  0  0 30 30  0 30  0 13 30  0 22  0  0  0 38 38 13 40  0 30 30 40 30 18  1  0 30 38 18 14 40  0  0  0  0 30 40 40 30  0 30 30 14 30  0  0  0  0  0 30  1  0 30  0  0 30  0  0  0  0  0  0 30 40  0 30  0  0 30  0 30 38  0  0 38 38  0 18  0  0  1 40  0  0 38 38 40  0  0 40  0  0  0  5  0  0 38 30  0  0  0  0  0 40  0 30 40  4  0
  0 38 27  0  0  0 38  0  0 14  2 31  0  0 38  0 30  7  0  0 31  1 23  0  0 30  0 30 38 38  0  0  0  0 30  0  0  0  0  0 31 27  4  0  0  0  0 17 31 31  3  3  0  0  0 30  0  0  0  0 30 27 27 30 27  0 38 38  2 31 14  0 38 30 23 31 17 38  0  0 31  0 17 27  0 30  0  0 31 27  0  0 30  0 27 18 30  0 31 18  0  0  0 27 31  0 38 38 30  0 38 27  0  0 27 27 31 31 30  0 38  1  0  0 14
  0 38 27  0  0  0 38  0  0 17  0 31  0  0 38  0 30 23  0  0 31  0  6  0  0 30  0 30 38 38  0  0  0  0 30  0  0  0  0  0 31 27  0  0  0  0  0 19 31 31 23  0  0  0  0 30  0  0  0  0 30 27 27 30 27  0 38 38  2 31 17  0 38 30 10 31 19 38  0  0 31  0 19 27  4 30  0  0 31 27  0  0 30  1 27 24 30  0 31 24  0  0  0 27 31  0 38 38 30  0 38 27  0  0 27 27 31 31 30  0 38  4  0  1 17
  0 40 38  0  0  0 40  0  0 30  0 30  0  0 40  0  1 30  0  0 30  0 30  3  0 24  0 20 40 40  0  0  0  0 20  0  0  0  0  0 30 38  0  0  0  1  0 30 30 30 30  0  0  0  0 14  0  0  0  1 24 38 38 20 38  0 40 40  0 30 30  0 40 11 30 30 30 40  0  0 30  0 30 38  0  6  0  0 30 38  0  0 24  0 38 30 14  0 30 30  0  0  0 38 30  0 40 40 11  0 40 38  0  0 38 38 30 30  3  0 40  0  0  0 30
  1 38 30  0  0  0 38  0  0 31  0 24  0  0 38  1 30 31  0  0  3  0 31  0  7 30  0 30 38 38  0  0  0  0 30  0  0  0  0  0 24 30  0  0  0  0  0 31 24 13 31  0  0  0  0 30  0  0  1  0 30 30 30 30 30  0 38 38  0 24 31  0 38 30 31 13 31 38  0  0  2  0 31 30  0 30  0  0 13 30  0  0 30  0 30 31 30  0 13 31  0  0  0 30 13  0 38 38 30  0 38 30  0  0 30 30  3 24 30  0 38  0  0  0 31
 38  0  0 30 40 38  0 38 30  0 22  0 38  7  0 30  1  0 30 30  0 30  0 20 30  8  6  0  0  1 38 38 20 40  1 30 30 40 30 14  0  0 30 38 14 24 40  0  0  0  0 30 40 40 30  0 30 30 24 30  0  0  0  0  0 30  0  0 30  0  0 30  0  0  0  0  0  0 30 40  0 30  0  0 30  0 30 38  0  0 38 38  9 14  0  0  0 40  0  0 38 38 40  0  0 40  0  0  0 22  0  0 38 30  0  0  0  0  0 40  0 30 40 22  0
 20  0  0 27 31  8  0 22 30  0 38  0 13 38  0 30  0  0 30 30  0 30  0 38 30  0 38  0  0  0 22 12 38 31  0 27 27 31 27 38  0  8 27 12 38 38 31  0  0  0  0 27 31 31 30  0 27 27 38 30  0  0  0  0  0 30  0  0 27  0  0 27  0  0  0  0  0  0 30 31  0 30  0  0 27  0 30 20  0  0 22 13  0 38  0  0  0 31  0  0 12  7 31  0  0 31  0  0  0 38  0  0 13 27  0 10  0  0  0 31  0 27 31 38  0
 11  0  3 27 31 22  0  9 30  0 38  0 11 38  0 30  0  0 30 30  0 30  0 38 30  0 38  0  0  0  9 18 38 31  0 27 27 31 27 38  0  0 27 18 38 38 31  0  0  0  1 27 31 31 30  0 27 27 38 30  0  0  0  0  0 30  0  0 27  0  0 27  0  0  0  0  0  0 30 31  0 30  0  0 27  0 30 11  0  4  3 11  0 38  0  0  0 31  0  0 18 22 31  1  0 31  0  0  0 38  0  0 11 27  0  0  0  0  0 31  2 27 31 38  0
 38  0  0 30 40 38  0 38 30  0 13  0 38 20  0 30  0  0 30 30  0 30  0  7 30  0 20  2  0  0 38 38  5 40  9 30 30 40 30 11  0  0 30 38 11 20 40  0  0  0  0 30 40 40 30  0 30 30 20 30  0  0  0  0  0 30  0  0 30  0  0 30  0  0  0  0  0  0 30 40  0 30  1  0 30  2 30 38  0  0 38 38  0 11  0  0  0 40  0  0 38 38 40  0  0 40  0  0  0 13  0  0 38 30  0  0  2  0  0 40  0 30 40 13  0
  5  0  0 27 31 20  0 11 30  0 38  1 18 38  0 30  0  0 30 30  0 30  0 38 30  0 38  0  0  0 11 25 38 31  0 27 27 31 27 38  0  1 27 25 38 38 31  0  0  0  0 27 31 31 30  0 27 27 38 30  0  0  0  0  0 30  0  0 27  0  0 27  0  0  0  0  0  0 30 31  0 30  0  0 27  0 30  1  0  0 11 18  0 38  3  0  0 31  0  0 25 20 31  0  0 31  0  0  0 38  0  3 18 27  0  0  0  0  0 31  0 27 31 38  0
  0 38 30  0  0  0 38  0  0 31  0 11  0  0 38  0 30 31  8  0 13  0 31  0  0 30  0 30 38 38  0  0  0  0 30  0  0  0  0  0 19 30  0  0  0  0  0 31 19  1 31  0  0  0  0 30  0  0  0  0 30 30 30 30 30  0 38 38  0 11 31  0 38 30 31 19 31 38  0  0 13  0 31 30  0 30  4  0  1 30  0  0 30  2 30 31 30  0 19 31  0  0  0 30 19  0 38 38 30  0 38 30  0  0 30 30 13 11 30  0 38  0  0  0 31
 31  2  0 38 22 31  7 31 38  0 40  0 31 40  0 38  0  0 38 38  0 38  0 40 38  0 40  0  0  0 31 31 40 25  0 38 38 10 38 40  1  0 38 31 40 40 25  0  0  0  0 38 16 19 38  1 38 38 40 38  0  0  0  0  0 38  0  0 38  0  0 38  0  0  0  0  0  0 38 16  0 38  0  0 38  0 38 31  0  0 31 31  0 40  0  0  0 16  0  0 31 31  9  0  0 22  0  0  0 40  0  0 31 38  1  0  0  0  0 19  0 38  2 40  0
 31  0  0 38 24 31  0 31 38  0 40  0 31 40  0 38  0  0 38 38  0 38  0 40 38  0 40  0  0  0 31 31 40  6  0 38 38 25 38 40  0  0 38 31 40 40  2  0  0  0  0 38 11 22 38  0 38 38 40 38  0  0  0  0  0 38  0  0 38  0  0 38  3  0  0  0  0  2 38 11  0 38  0  0 38  0 38 31  0  0 31 31  0 40  0  0  0 11  0  0 31 31 25  0  0 24  1  0  0 40  1  0 31 38  0  0  0  0  0 22  0 38 25 40  0
  0 38 27  0  0  0 38  0  0 14  0 31  0  0 38  0 30  8  0  0 31  0 23  0  0 30  0 30 38 38  0  0  0  0 30  3  0  0  0  0 31 27  8  0  0  0  0 17 31 31  1  0  0  0  0 30  2  2  0  0 30 27 27 30 27  0 38 38  0 31 14  0 38 30 23 31 17 38  0  0 31  0 17 27  0 30  0  0 31 27  0  0 30  0 27 18 30  0 31 18  0  0  0 27 31  0 38 38 30  0 38 27  0  0 27 27 31 31 30  0 38  0  0  0 14
 30  0  0 31 38 30  0 30 14  0 30  9 30 30  0 14  0  0 11 11  0 11  0 30 24  0 30  1  0  0 30 30 30 38  0 31 31 38 31 30  0  0 31 30 30 30 38  0  0  0  0 31 38 38  6  0 31 31 30 24  0  0  0  0  0 11  0  0 31  0  0 31  0  0  0  2  0  0 11 38  1  1  0  0 31  0 11 30  0  0 30 30  1 30  0  0  0 38  0  0 30 30 38  0  0 38  0  0  0 30  0  0 30 31  0  0  0  1  0 38  0 31 38 30  0
 27  0  0 12 38 27  0 27 31  8 30  0 27 30  0 31  0  0 31 31  0 31  0 30 31  0 30  0  0  0 27 27 30 38  0 16  9 38 16 30  0  0 14 27 30 30 38  4  0  0  0 16 38 38 31  0 14 17 30 31  0  0  0  0  0 31  0  0 14  0  0  4  0  0  0  0  0  0 31 38  0 31  0  0 17  0 31 27  0  0 27 27  0 30  0  0  0 38  0  0 27 27 38  0  0 38  0  0  0 30  0  0 27 12  0  0  0  0  1 38  0 17 38 30  5
  0 38 27  1  0  0 38  0  0  9  0 31  0  0 38  0 30 14  0  0 31  0 17  0  0 30  0 30 38 38  0  0  0  0 30  0  4  0  0  0 31 27  0  0  0  1  0 12 31 31 14  0  0  0  0 30  0  0  0  0 30 27 27 30 27  0 38 38  0 31  4  0 38 30 17 31 12 38  0  0 31  0 12 27  0 30  0  0 31 27  0  0 30  0 27 16 30  0 31 16  0  0  0 27 31  0 38 38 30  0 38 27  0  0 27 27 31 31 30  0 38  0  0  0  3
 31  0  0 38 24 31  0 31 38  0 40  0 31 40  1 38  0  0 38 38  0 38  0 40 38  0 40  1  0  0 31 31 40  9  0 38 38 25 38 40  0  0 38 31 40 40  8  0  0  0  0 38 11 22 38  0 38 38 40 38  0  0  0  0  0 38  0  3 38  0  0 38  0  0  0  0  0  9 38 11  0 38  0  0 38  0 38 31  0  0 31 31  0 40  0  0  0 11  0  0 31 31 25  0  0 24  0  0  0 40  0  1 31 38  0  1  0  0  0 22  0 38 25 40  0
 38  0  0 30 40 38  0 38 30  0 18  0 38 14  0 30  0  0 30 30  0 30  0 11 30  0 14  0  0  0 38 38 11 40  0 30 30 40 30  3  0  0 30 38  8 11 40  0  0  0  1 30 40 40 30  0 30 30 11 30  0  0  0  0  0 30  0  0 30  0  0 30  0  0  1  0  0  0 30 40  0 30  0  0 30  0 30 38  1  0 38 38  0  5  0  0  2 40  0  1 38 38 40  0  0 40  0  0  2 18  0  0 38 30  0  0  0  0  0 40  0 30 40 18  0
 27  0  1 19 38 27  0 27 31  0 30  0 27 30  0 31  0  0 31 31  0 31  7 30 31  0 30  0  0  0 27 27 30 38  0 24 17 38 24 30  0  0 23 27 30 30 38  0  0  0  0 24 38 38 31  0 23 10 30 31  0  0  0  0  0 31  0  0 23  0  0 17  0  1  0  0  0  0 31 38  0 31  0  0  8  0 31 27  0  0 27 27  0 30  0  0  0 38  0  0 27 27 38  0  0 38  0  0  0 30  0  0 27 19  0  0  0  0  0 38  0  7 38 30  0
 30  0  0 31 38 30  0 30  3  0 30  0 30 30  0  1  0  0 19 13  0 13  0 30 13  0 30  1  0  0 30 30 30 38  0 31 31 38 31 30  0  0 31 30 30 30 38  0  0  0  0 31 38 38 14  0 31 31 30 13  0  0  0  0  0 19  0  0 31  2  0 31  0  0  0  0  0  0 13 38  2 14  0  0 31  0 19 30  0  0 30 30  1 30  0  0  0 38  4  0 30 30 38  0  4 38  0  0  0 30  0  0 30 31  0  0  0  0  0 38  0 31 38 30  0
 27  0  0  8 38 27  0 27 31  0 30  0 27 30  0 31  0  0 31 31  0 31  0 30 31  0 30  0  0  0 27 27 30 38  0 22 12 38 22 30  0  0 17 27 30 30 38  7  0  0  0 22 38 38 31  0 17 19 30 31  0  0  0  0  0 31  0  0 17  0  0 12  0  0  0  0  0  0 31 38  0 31  6  0 19  0 31 27  0  0 27 27  0 30  0  0  0 38  0  0 27 27 38  0  0 38  0  0  0 30  0  0 27 10  0  0  0  0  0 38  0 19 38 30  0
 31  0  0 38 24 31  0 31 38  0 40  0 31 40  0 38  1  0 38 38  0 38  0 40 38  0 40  0  0  0 31 31 40  2  0 38 38 25 38 40  0  1 38 31 40 40  7  0  0  0  0 38 11 22 38  0 38 38 40 38  0  0  0  0  0 38  0  2 38  0  0 38  9  0  0  0  0  0 38 11  0 38  0  0 38  0 38 31  0  0 31 31  0 40  0  0  0 11  0  0 31 31 25  0  0 24  0  0  0 40  0  0 31 38  0  0  0  0  0 22  0 38 25 40  0
  0 38 30  0  0  0 38  0  0 31  0 11  0  0 38  0 30 31  0  8 24  1 31  0  0 30  0 30 38 38  0  0  0  0 30  0  0  0  0  0  7 30  0  0  0  0  0 31  7 19 31  0  0  0  0 30  0  0  0  0 30 30 30 30 30  0 38 38  0 11 31  0 38 30 31 13 31 38  0  0 24  0 31 30  0 30  0  0 19 30  0  1 30  0 30 31 30  0 13 31  0  0  0 30 13  0 38 38 30  0 38 30  0  0 30 30 24 11 30  0 38  0  0  0 31
  0  2 31  0  0  0 16  0  0 38  0 38  0  0 21  0 40 38  0  0 38  0 38  0  0 40  0 40 21 23  0  0  0  0 40  0  0  2  0  0 38 31  0  0  0  0  0 38 38 38 38  0  8  0  0 40  0  0  0  0 40 31 31 40 31  0 16 11  0 38 38  0 11 40 38 38 38 11  0  0 38  0 38 31  0 40  0  0 38 31  0  0 40  0 31 38 40  7 38 38  0  0  0 31 38  0 21 23 40  0 23 31  0  0 31 31 38 38 40  0  6  0  0  0 38
 30  0  0 31 38 30  0 30 13  0 30  0 30 30  0 13  0  0 13 24  9 24  0 30  6  0 30  0  0  0 30 30 30 38  0 31 31 38 31 30  0  0 31 30 30 30 38  0  0  0  0 31 38 38 24  0 31 31 30  2  0  0  0  0  0 13  0  0 31  1  0 31  0  0  0  2  0  0 24 38  0 24  0  0 31  0 13 30  0  0 30 30  0 30  0  0  0 38  0  0 30 30 38  0  0 38  0  0  0 30  0  0 30 31  0  0  1  0  0 38  0 31 38 30  0
  0 38 30  0  0  0 38  0  0 31  0 10  0  0 38  0 30 31  0  0 24  0 31  0  0 30  0 30 38 38  0  0  0  0 30  0  0  0  0  0 11 30  0  0  0  0  0 31 11 11 31  0  0  0  3 30  0  0  0  0 30 30 30 30 30  0 38 38  0  1 31  0 38 30 31 14 31 38  0  0 24  0 31 30  0 30  0  0 11 30  0  0 30  0 30 31 30  0 14 31  0  0  0 30 14  0 38 38 30  0 38 30  0  0 30 30 24  8 30  0 38  0  0  0 31
 27  0  0  9 38 27  0 27 31  0 30  0 27 30  0 31  0  0 31 31  0 31  0 30 31  0 30  0  0  0 27 27 30 38  0 22 12 38 22 30  0  0 17 27 30 30 38  6  0  0  0 22 38 38 31  0 17 19 30 31  0  0  0  1  0 31  0  0 17  0  0 12  0  0  0  0  6  0 31 38  0 31  0  0 19  0 31 27  0  0 27 27  0 30  0  0  0 38  1  0 27 27 38  0  0 38  0  0  0 30  0  0 27  6  0  0  1  0  0 38  0 19 38 30  2
 25  0  0 27 31 12  0 18 30  0 38  0 14 38  0 30  0  0 30 30  0 30  0 38 30  0 38  0  0  0 18  6 38 31  0 27 27 31 27 38  1  0 27  9 38 38 31  0  0  0  0 27 31 31 30  0 27 27 38 30  0  0  0  0  0 30  0  0 27  0  0 27  0  0  0  0  0  0 30 31  0 30  0  0 27  0 30 25  0  0 18 14  0 38  0  0  0 31  0  0  5 12 31  3  0 31  0  0  0 38  0  0 14 27  2  0  0  0  0 31  0 27 31 38  0
  0 38 27  0  0  0 38  0  0 17  0 31  0  0 38  0 30 23  0  0 31  0  7  0  0 30  0 30 38 38  0  0  0  0 30  0  0  0  0  0 31 27  0  0  0  0  0 19 31 31 23  0  0  0  0 30  0  4  0  0 30 27 27 30 27  0 38 38  0 31 17  0 38 30  8 31 19 38  0  0 31  0 19 27  0 30  1  0 31 27  0  0 30  0 27 24 30  0 31 24  0  0  0 27 31  0 38 38 30  0 38 27  0  0 27 27 31 31 30  0 38  7  0  0 17
 38  0  0 30 40 38  0 38 30  0 14  0 38 24  0 30  2  0 30 30  0 30  0 20 30  0 24  0  0  0 38 38 20 40  0 30 30 40 30 11  0  0 30 38 11  4 40  0  0  0  0 30 40 40 30  0 30 30  6 30  0  0  0  2  0 30  0  0 30  0  0 30  0  0  0  0  0  0 30 40  0 30  0  0 30  0 30 38  0  0 38 38  0 11  0  0  0 40  0  0 38 38 40  0  0 40  0  0  0 14  0  0 38 30  0  0  0  0  8 40  0 30 40 14  0
  0 38 30  0  0  0 38  0  0 31  0 11  0  0 38  0 30 31 10  0 13  0 31  0  0 30  0 30 38 38  0  2  0  0 30  0  0  0  0  0 19 30  0  0  0  0  0 31 19  5 31  0  0  0  0 30  0  0  0  0 30 30 30 30 30  4 38 38  0 11 31  0 38 30 31 19 31 38  0  0 13  0 31 30  1 30  0  0 10 30  0  0 30  0 30 31 30  0 19 31  0  0  0 30 19  0 38 38 30  0 38 30  0  0 30 30 13 11 30  0 38  0  0  0 31
  9 31 18  0  0  1 31  0  0 27  0 30  0  0 31  0 38 27  0  0 30  0 27  0  0 38  0 38 31 31  0  0  0  0 38  0  0  0  0  0 30 20  0  0  0  0  0 27 30 30 27  0  0  0  1 38  0  0  0  0 38 20 11 38  1  0 31 31  0 30 27  0 31 38 27 30 27 31  0  0 30  0 27 25  0 38  0  0 30 11  0  0 38  0  7 27 38  0 30 27  0  0  0 25 30  0 31 31 38  0 31 10  0  0 18 20 30 30 38  0 31  0  0  0 27
 30  0  0 31 38 30  0 30 19  0 30  0 30 30  0 19  0  0  9 19  0 19  0 30 13  0 30  0  0  0 30 30 30 38  0 31 31 38 31 30  0  0 31 30 30 30 38  0  1  7  0 31 38 38 11  0 31 31 30 13  0  0  0  0  0  1  0  0 31  0  0 31  0  1  0  0  0  0 19 38  0 11  0  0 31  0 10 30  0  0 30 30  0 30  0  0  0 38  0  1 30 30 38  0  0 38  0  0  0 30  0  0 30 31  0  0  0  0  0 38  0 31 38 30  0
 11  2  0 27 31 22  0  9 30  0 38  0 11 38  0 30  0  0 30 30  0 30  0 38 30  0 38  0  0  0  3 18 38 31  0 27 27 31 27 38  1  0 27 18 38 38 31  0  0  0  0 27 31 31 30  0 27 27 38 30  0  0  4  0  0 30  0  0 27  0  0 27  0  0  0  0  0  0 30 31  0 30  0  0 27  0 30 11  0  0 10 11  0 38  0  0  0 31  0  0 18 22 31  0  0 31  0  0  0 38  0  0 11 27  0  0  0  0  0 31  0 27 31 38  0
  0 31 11  0  0  0 31  1  0 27  0 30  0  0 31  0 38 27  0  0 30  0 27  0  0 38  0 38 31 31  9  1  0  0 38  0  0  2  1  0 30 22  0  0  0  0  0 27 30 30 27  0  0  0  0 38  0  0  0  0 38 22  3 38 11  0 31 31  0 30 27  0 31 38 27 30 27 31  0  0 30  0 27 18  0 38  0  0 30 10  0  2 38  0 11 27 38  0 30 27  0  0  0 18 30  0 31 31 38  0 31 11  0  0 11 22 30 30 38  0 31  0  0  0 27
  0 31  1  0  0  0 31  0  0 27  0 30  9  0 31  0 38 27  0  0 30  0 27  0  0 38  0 38 31 31  0  1  0  0 38  0  0  0  0  0 30 13  1  0  0  0  0 27 30 30 27  0  0  0  0 38  0  0  0  0 38 13 11 38 18  0 31 31  0 30 27  0 31 38 27 30 27 31  1  0 30  0 27 14  0 38  0  0 30 11  2  0 38  0 18 27 38  0 30 27  0  0  0 14 30  0 31 31 38  0 31 18  3  0  8 13 30 30 38  0 31  0  0  0 27
 38  0  0 30 40 38  0 38 30  0 22  0 38  3  0 30  0  0 30 30  0 30  0 20 30 10  9  1  0  0 38 38 20 40  0 30 30 40 30 14  0  0 30 38 14 24 40  0  0  0  0 30 40 40 30  0 30 30 24 30  9  0  0  0  0 30  0  0 30  1  0 30  0  0  0  1  0  0 30 40  0 30  0  0 30  0 30 38  0  0 38 38  0 14  0  0  0 40  0  0 38 38 40  0  0 40  0  0  0 22  0  0 38 30  0  0  0  0  0 40  0 30 40 22  0
  0 40 38  0  0  0 40  0  0 30  0 30  0  0 40  0 11 30  0  0 30  0 30  0  0 14  0 11 40 40  0  0  0  0 11  0  0  0  0  1 30 38  0  0  5  0  0 30 30 30 30  0  0  0  0 18  0  1  0  0 14 38 38 11 38  2 40 40  0 30 30  0 40  5 30 30 30 40  0  0 30  0 30 38  0 11  0  0 30 38  0  0 14  0 38 30 18  0 30 30  0  0  0 38 30  0 40 40  8  0 40 38  0  0 38 38 30 30 11  0 40  0  0  1 30
  5  0  0 27 31 20  0 11 30  0 38  0 18 38  0 30  0  0 30 30  0 30  0 38 30  1 38  0  0  0 11 25 38 31  0 27 27 31 27 38  0  0 27 25 38 38 31  0  0  0  0 27 31 31 30  0 27 27 38 30  0  0  0  0  3 30  0  0 27  0  0 27  0  0  0  0  0  0 30 31  0 30  0  0 27  0 30  7  0  0 11 18  0 38  0  0  0 31  0  0 25 20 31  0  0 31  1  0  0 38  0  1 18 27  0  0  0  0  0 31  0 27 31 38  0
 27  0  0 22 38 27  0 27 31  0 30  0 27 30  0 31  0  1 31 31  0 31  2 30 31  0 30  0  0  0 27 27 30 38  0  4 16 38  4 30  0  0 18 27 30 30 38  0  0  0  0  2 38 38 31  0 18 24 30 31  0  0  0  0  0 31  0  0 18  0  0 16  0  0  0  0  0  0 31 38  0 31  0  0 24  0 31 27  0  0 27 27  0 30  0  0  0 38  0  2 27 27 38  0  0 38  0  0  0 30  0  0 27 22  1  0  0  0  0 38  0 24 38 30  0
 38  0  0 30 40 38  0 38 30  0  8  0 38 22  0 30  0  0 30 30  0 30  0 13 30  0 22  0  0  0 38 38 13 40  0 30 30 40 30 18  0  0 30 38 18 14 40  0  0  0  0 30 40 40 30  1 30 30 14 30  0  0  0  0  0 30  0  0 30  0  0 30  0  2  0  0  0  0 30 40  0 30  0  0 30  0 30 38  0  0 38 38  0 18  0  0  0 40  0  0 38 38 40  0  0 40  0  0  0  3  0  0 38 30  0  0  0  0  0 40  0 30 40  4  0
  0  2 31  0  0  0 16  0  0 38  0 38  0  0 21  0 40 38  0  0 38  0 38  0  0 40  0 40 21 23  1  0  0  0 40  0  0  0  0  0 38 31  0  0  0  0  0 38 38 38 38  0  1  0  0 40  0  0  0  0 40 31 31 40 31  0 16 11  0 38 38  0 11 40 38 38 38 11  0  7 38  0 38 31  0 40  0  0 38 31  0  0 40  0 31 38 40  0 38 38  0  0  0 31 38  0 21 23 40  0 23 31  0  0 31 31 38 38 40  0  2  0  0  0 38
 30  0  0 31 38 30  0 30  9  0 30  0 30 30  0  5  0  0 19 13  0 13  0 30 13  0 30  0  0  0 30 30 30 38  0 31 31 38 31 30  0  0 31 30 30 30 38  0  0  0  0 31 38 38 14  0 31 31 30 13  0  0  0  0  0 19  0  0 31  0  0 31  0  0  0  4  0  0 13 38  0 14  1  0 31  0 19 30  0  0 30 30  0 30  0  0  0 38  0  0 30 30 38  0  2 38  0  0  0 30  0  0 30 31  0  0  3  3  0 38  0 31 38 30  0
 27  0  0 22 38 27  0 27 31  0 30  0 27 30  0 31  0  0 31 31  0 31  0 30 31  0 30  0  0  0 27 27 30 38  0  7 16 38  1 30  0  0 18 27 30 30 38  0  0  0  2  2 38 38 31  0 18 24 30 31  0  0  0  0  0 31  0  0 18  0  0 16  0  1  0  0  0  0 31 38  0 31  0  0 24  0 31 27  1  0 27 27  0 30  0  2  0 38  0  0 27 27 38  0  0 38  0  0  0 30  0  0 27 22  0  0  0  0  0 38  0 24 38 30  0
  0 31 14  0  0  0 31  0  0 27  0 30  2  0 31  0 38 27  1  0 30  0 27  0  0 38  0 38 31 31  0  5  0  0 38  0  0  0  0  0 30 12  0  5  0  0  0 27 30 30 27  0  1  0  0 38  0  0  0  0 38 12 18 38 25  0 31 31  0 30 27  0 31 38 27 30 27 31  0  0 30  0 27  5  0 38  0  0 30 18  0  0 38  0 25 27 38  0 30 27  0  0  0  9 30  0 31 31 38  0 31 25  0  0 14 12 30 30 38  0 31  0  0  0 27
  1 31 13  0  0  8 31  0  0 27  0 30  0  0 31  0 38 27  0  0 30  0 27  0  0 38  0 38 31 31  0  0  0  0 38  0  0  0  0  0 30  1  0  0  0  0  0 27 30 30 27  0  0  0  0 38  0  0  0  0 38  7 22 38 20  0 31 31  0 30 27  0 31 38 27 30 27 31  0  0 30  0 27 12  0 38  0  0 30 22  0  0 38  0 20 27 38  0 30 27  0  0  0 12 30  0 31 31 38  0 31 20  0  0 13  8 30 30 38  0 31  0  0  0 27
  0 16 31  0  0  0  8  0  0 38  0 38  0  0 19  0 40 38  0  0 38  0 38  0  0 40  0 40 19 22  0  0  0  0 40  0  0  8  0  0 38 31  0  0  0  0  0 38 38 38 38  0  0  0  0 40  0  0  0  0 40 31 31 40 31  0  9 25  0 38 38  0 25 40 38 38 38 25  0  0 38  0 38 31  0 40  0  0 38 31  0  0 40  0 31 38 40  0 38 38  0  0  0 31 38  0 19 22 40  0 22 31  0  0 31 31 38 38 40  0 16  0  3  0 38
 25  0  1 27 31 12  0 18 30  0 38  0 14 38  0 30  0  0 30 30  0 30  0 38 30  0 38  0  0  0 18 10 38 31  0 27 27 31 27 38  0  0 27  2 38 38 31  0  0  0  0 27 31 31 30  0 27 27 38 30  0  0  1  0  0 30  0  0 27  0  0 27  0  0  0  0  0  0 30 31  0 30  0  3 27  0 30 25  0  0 18 14  0 38  0  0  0 31  0  0  9 12 31  0  0 31  0  0  0 38  0  0 14 27  0  0  0  0  0 31  0 27 31 38  0
 30  0  0 31 38 30  0 30  5  0 30  2 30 30  0 10  0  0 19 13  2 13  0 30 13  0 30  0  0  0 30 30 30 38  0 31 31 38 31 30  0  0 31 30 30 30 38  0  0  0  0 31 38 38 14  0 31 31 30 13  0  0  0  0  0 19  0  0 31  0  0 31  0  0  0  4  0  0 13 38  0 14  0  0 31  0 19 30  0  0 30 30  0 30  0  0  0 38  2  0 30 30 38  0  0 38  0  0  0 30  0  0 30 31  0  0  0  0  0 38  0 31 38 30  0
  0 23 31  0  5  1 22  0  0 38  0 38  0  0 11  0 40 38  0  0 38  0 38  0  0 40  0 40 11  5  0  0  0  2 40  0  0  0  0  0 38 31  0  0  0  0  0 38 38 38 38  0  0  2  0 40  0  0  0  0 40 31 31 40 31  0 22 24  0 38 38  0 24 40 38 38 38 24  0  0 38  0 38 31  0 40  0  0 38 31  0  0 40  0 31 38 40  0 38 38  0  0  0 31 38  0 11  8 40  0 10 31  0  0 31 31 38 38 40  0 23  0  0  0 38
 31  0  0 38 11 31  0 31 38  0 40  0 31 40  8 38  0  0 38 38  0 38  0 40 38  0 40  0  3  0 31 31 40 22  0 38 38 19 38 40  0  0 38 31 40 40 22  0  0  0  0 38 21  9 38  0 38 38 40 38  0  0  0  0  0 38  0  1 38  0  0 38  0  0  0  0  0  0 38 21  0 38  0  0 38  0 38 31  0  0 31 31  0 40  1  0  0 21  0  0 31 31 19  0  0 11  0  0  0 40  1  0 31 38  0  0  0  0  0  3  0 38 19 40  0
 31  0  0 38  7 31  0 31 38  0 40  0 31 40  1 38  0  0 38 38  0 38  0 40 38  0 40  0  0 10 31 31 40 24  0 38 38 22 38 40  0  0 38 31 40 40 24  0  0  0  0 38 23 11 38  0 38 38 40 38  0  0  0  0  0 38  0  0 38  0  0 38  0  0  0  0  0  0 38 23  0 38  0  0 38  0 38 31  0  0 31 31  0 40  0  0  0 23  0  0 31 31 22  0  0  8  0  0  0 40  2  0 31 38  0  0  0  0  0 11  0 38 22 40  0
 38  0  0 30 40 38  0 38 30  0 18  0 38 14  0 30  0  0 30 30  0 30  0 11 30  0 14  0  0  0 38 38 11 40  0 30 30 40 30  6  0  0 30 38  2 11 40  0  0  0  0 30 40 40 30  0 30 30 11 30  0  0  0  0  0 30  0  0 30  0  0 30  0  2  0  0  0  0 30 40  0 30  0  0 30  0 30 38  0  0 38 38  0  8  0  0  0 40  0  0 38 38 40  0  0 40  0  0  0 18  0  0 38 30  0  0  0  0  0 40  0 30 40 18  0
  0 40 38  0  0  0 40  0  0 30  6 30  0  0 40  0 14 30  0  0 30  0 30  0  0 22  0 13 40 40  0  0  0  0 13  0  0  0  0  0 30 38  0  0  0  0  0 30 30 30 30  0  0  0  0  5  0  0  0  0 22 38 38 13 38  0 40 40  0 30 30  0 40 18 30 30 30 40  0  0 30  0 30 38  0 14  0  0 30 38  0  0 22  0 38 30  3  0 30 30  0  0  0 38 30  0 40 40 18  0 40 38  0  0 38 38 30 30 14  0 40  0  0  7 30
 31  0  0 38  9 31  0 31 38  0 40  0 31 40  0 38  0  0 38 38  0 38  0 40 38  0 40  0  0  4 31 31 40 24  0 38 38 22 38 40  0  0 38 31 40 40 24  0  0  0  0 38 23 11 38  0 38 38 40 38  0  0  0  0  0 38  0  1 38  0  0 38  0  0  0  0  0  0 38 23  0 38  0  0 38  0 38 31  0  0 31 31  0 40  0  0  0 23  0  0 31 31 22  0  0 10  1  2  0 40  0  0 31 38  0  0  0  0  0 11  0 38 22 40  0
  6  0  0 27 31 20  0 11 30  0 38  0 18 38  0 30  0  0 30 30  0 30  0 38 30  0 38  0  0  0 11 25 38 31  0 27 27 31 27 38  0  0 27 25 38 38 31  2  0  0  0 27 31 31 30  0 27 27 38 30  0  0  0  0  3 30  0  0 27  0  0 27  1  0  0  0  0  0 30 31  0 30  0  0 27  0 30 10  0  0 11 18  0 38  1  0  0 31  0  0 25 20 31  0  0 31  0  0  0 38  0  0 18 27  0  2  0  0  0 31  0 27 31 38  0
  0 31  1  0  0  0 31  0  0 27  0 30 10  0 31  0 38 27  0  0 30  0 27  0  0 38  0 38 31 31  1  0  0  0 38  0  0  0  0  0 30 13  0  2  0  0  0 27 30 30 27  0  0  0  0 38  0  0  0  0 38 13 11 38 18  0 31 31  0 30 27  0 31 38 27 30 27 31  0  0 30  0 27 14  0 38  0  0 30 11  0  3 38  0 18 27 38  0 30 27  0  0  0 14 30  0 31 31 38  0 31 18  0  0  9 13 30 30 38  0 31  0  0  0 27
  1 38 27  1  0  0 38  0  0 12  0 31  0  0 38  0 30 17  0  0 31  0 19  1  0 30  0 30 38 38  0  0  0  0 30  0  3  0  0  0 31 27  0  0  0  0  0  1 31 31 17  0  0  0  0 30  0  0  0  0 30 27 27 30 27  0 38 38  0 31 12  0 38 30 19 31 10 38  0  0 31  0  6 27  0 30  0  0 31 27  0  0 30  0 27 22 30  0 31 22  0  0  0 27 31  0 38 38 30  0 38 27  0  0 27 27 31 31 30  0 38  0  0  0 12
 18  0  6 27 31 13  0 11 30  0 38  0  2 38  0 30  0  0 30 30  0 30  0 38 30  0 38  0  0  0 11 14 38 31  0 27 27 31 27 38  0  0 27 14 38 38 31  0  0  0  0 27 31 31 30  0 27 27 38 30  0  0  0  0  0 30  1  0 27  0  0 27  0  0  0  0  0  0 30 31  0 30  0  2 27  0 30 18  0  0 11  8  0 38  0  1  0 31  0  0 14 13 31  0  0 31  0  0  0 38  0  0  9 27  0  0  0  0  0 31  0 27 31 38  0
 20  0  0 27 31  8  0 22 30  0 38  0 13 38  0 30  0  0 30 30  0 30  0 38 30  0 38  0  0  0 22 12 38 31  0 27 27 31 27 38  0  3 27 12 38 38 31  0  0  0  0 27 31 31 30  0 27 27 38 30  0 10  0  0  0 30  0  0 27  0  0 27  1  0  0  0  0  0 30 31  0 30  0  0 27  0 30 20  0  0 22 13  0 38  0  0  0 31  0  0 12  8 31  0  0 31  0  0  0 38  0  2 13 27  0  0  0  0  0 31  0 27 31 38  0
 30  0  0 31 38 30  0 30 13  0 30  0 30 30  0 13  0  0 13 24  7 24  0 30  4  1 30  0  0  0 30 30 30 38  0 31 31 38 31 30  0  0 31 30 30 30 38  0  0  0  0 31 38 38 24  0 31 31 30  3  0  0  0  2  0 13  0  0 31  0  0 31  0  0  0  0  0  0 24 38  1 24  1  0 31  0 13 30  0  0 30 30  0 30  0  0  0 38  3  0 30 30 38  0  0 38  0  0  0 30  0  0 30 31  0  0  0  1  0 38  0 31 38 30  0
 30  0  0 31 38 30  0 30 14  0 30  8 30 30  0 14  0  0 11 11  0 11  0 30 24  0 30  0  0  0 30 30 30 38  0 31 31 38 31 30  0  0 31 30 30 30 38  0  0  0  0 31 38 38  8  0 31 31 30 24  0  0  0  0  0 11  0  0 31  1  0 31  0  0  0  0  0  0 11 38  0  8  0  0 31  0 11 30  0  0 30 30  0 30  0  0  0 38  3  0 30 30 38  0  0 38  0  0  0 30  0  0 30 31  0  0  1  0  0 38  0 31 38 30  0
 38  0  0 30 40 38  0 38 30  0 14  0 38 24  0 30  9  0 30 30  0 30  0 20 30  0 24  0  0  0 38 38 20 40  0 30 30 40 30 11  0  0 30 38 11  6 40  0  0  0  0 30 40 40 30  0 30 30  3 30  0  0  0  0  0 30  0  0 30  0  1 30  0  0  0  0  0  0 30 40  0 30  0  0 30  8 30 38  0  0 38 38  0 11  0  0  0 40  0  0 38 38 40  0  0 40  0  0  0 14  0  0 38 30  0  0  0  0  0 40  0 30 40 14  0
  0 21 31  0  2  0 19  0  0 38  0 38  0  0 10  0 40 38  0  0 38  0 38  0  0 40  1 40  2 11  0  0  0  0 40  0  0  0  0  0 38 31  0  0  0  0  1 38 38 38 38  0  0  6  0 40  0  0  0  0 40 31 31 40 31  0 19 22  0 38 38  0 22 40 38 38 38 22  0  0 38  0 38 31  0 40  0  0 38 31  0  0 40  0 31 38 40  0 38 38  0  0  0 31 38  0  3 11 40  0 11 31  0  0 31 31 38 38 40  0 21  0  0  0 38
 31  5  1 38 23 31  2 31 38  0 40  0 31 40  0 38  0  0 38 38  0 38  0 40 38  0 40  0  0  0 31 31 40 11  0 38 38 16 38 40  0  0 38 31 40 40 11  0  0  0  0 38  7 21 38  0 38 38 40 38  0  0  2  0  0 38  0  0 38  0  0 38  0  0  0  0  0  0 38  6  0 38  0  0 38  0 38 31  0  0 31 31  0 40  0  0  0  2  0  0 31 31 16  0  0 23  0  0  0 40  0  0 31 38  0  0  0  0  0 21  0 38 16 40  0
  0 38 27  0  0  0 38  0  0 17  1 31  0  0 38  0 30 23  0  0 31  0  8  0  0 30  0 30 38 38  0  0  0  0 30  0  0  0  0  1 31 27  0  0  0  0  0 19 31 31 23  0  0  0  0 30  1  4  0  0 30 27 27 30 27  0 38 38  0 31 17  0 38 30  7 31 19 38  0  0 31  0 19 27  7 30  0  0 31 27  0  0 30  0 27 24 30  0 31 24  0  0  0 27 31  0 38 38 30  0 38 27  0  0 27 27 31 31 30  0 38  0  0  0 17
  0 16 31  0  0  0  3  1  0 38  0 38  0  0 19  0 40 38  0  0 38  0 38  0  0 40  0 40 19 22  0  0  0  0 40  0  0  7  0  0 38 31  0  0  0  0  0 38 38 38 38  0  2  0  0 40  0  0  0  0 40 31 31 40 31  0  2 25  0 38 38  0 25 40 38 38 38 25  0  0 38  0 38 31  0 40  0  0 38 31  0  0 40  0 31 38 40  0 38 38  0  0  3 31 38  0 19 22 40  0 22 31  0  0 31 31 38 38 40  0 16  0  0  0 38
  0 40 38  0  0  0 40  0  0 30  9 30  0  0 40  0 14 30  0  0 30  0 30  0  0 22  0 13 40 40  0  0  0  0 13  0  0  0  0  0 30 38  0  0  0  0  0 30 30 30 30  0  0  0  0  4  0  1  0  0 22 38 38 13 38  0 40 40  0 30 30  0 40 18 30 30 30 40  0  0 30  0 30 38  0 14  0  0 30 38  0  0 22  1 38 30  4  0 30 30  0  0  0 38 30  0 40 40 18  7 40 38  0  0 38 38 30 30 14  0 40  0  0  0 30
 27  0  0 12 38 27  0 27 31  5 30  0 27 30  0 31  0  0 31 31  0 31  0 30 31  0 30  0  0  0 27 27 30 38  0 16  6 38 16 30  0  0 14 27 30 30 38  0  0  0  0 16 38 38 31  0 14 17 30 31  0  0  0  0  0 31  0  0 14  0  5  3  0  0  0  0  0  0 31 38  0 31  2  0 17  0 31 27  0  0 27 27  0 30  0  0  0 38  0  0 27 27 38  0  0 38  0  0  0 30  0  0 27 12  0  0  0  0  0 38  0 17 38 30  0

  0 11  1  0 40 30  0  0  0 11 40  0 40 38  0 14 38 30 30 38  0  1  0 18  0  0  0  0  0 40 40  0 30  0 40  0 40 30  0 18 30  0 30 38 40  0  0  0  0 30 30  0 30 30 30  0  7  0 30 30 40 30  0  0  0  0 30  0 40  0 38 38  1  0 40 18 30  0 38  0 38 11  5  0 11  0 30 38  1  0  0  0 38  0  0  0  0 30  0 14  0  0  0 30 38 30  0  0  3  0 30 38  0 38 30  0 40 30  0  5 30  0  0  0  3
 11  0  0  0 40 30  0  0  0 20 40  1 40 38  0 24 38 30 30 38  0  0  0 14  0  0  0  0  0 40 40  6 30  0 40  0 40 30  0 14 30  0 30 38 40  0  0  2  0 30 30  0 30 30 30  6 11  0 30 30 40 30  0  0  0  1 30  0 40  0 38 38  0  0 40 14 30  0 38  1 38 20 11  0  7  0 30 38 10  0  0  0 38  0  0  0  0 30  0 24  0  0  0 30 38 30  0  0  3  0 30 38  0 38 30  0 40 30  0  0 30  0  0  0  0
  1  0  0 27  0  0 38 22 31  0  0 19  0  0 12  0  0  0  0  0 27 12 31  0 38 31 27 38 38  0  0 30  0 27  0 30  0  0 30  0  0  3  0  0  0 27 30 31 38  0  0 38  0  0  0 30  0  1  2  5  0  0 30 12 30 17  0 27  0 31  0  0 30 38  0  0  0 27  0 30  0  0  0 31  0 27  0  0 30 31 22 31  0 38 27 38 31  0 38  0 27 27 38  0  0  0 19 17 30 27  0  0 38  0  0 31  0  0 38 30  0 31 31 31 30
  0  0 27  0  0  0 31 27 30  0  0 27  0  9 27  0  1  0  0  0 13 27 30  0 31 30 12 31 31  0  0 38  0  7  0 38  0  0 38  0  0 27  1  0  0 20 38 30 31  0  0 31  0  0  0 38  0 27  0  0  0  0 38 27 38 27  0 20  0 30  0  0 38 31  0  0  0 22  2 38  0  0  0 30  0 13  0  0 38 30 27 30  0 31 20 31 30  0 31  0 22 12 31  0  0  0 27 27 38  8  0  0 31  1  0 30  0  0 31 38  0 30 30 30 38
 40 40  0  0  0 38  0  0  0 40  8  0 21 31  0 40 31 38 38 31  1  0  0 40  0  0  1  0  0 21 21  0 38  0 19  0 22 38  0 40 38  0 38 31 11  0  0  0  0 38 38  0 38 38 38  0 40  0 38 38 19 38  0  0  0  0 38  0 19  0 31 31  0  4 22 40 38  0 31  0 31 40 40  0 40  0 38 31  0  0  0  0 31  0  0  3  0 38  9 40  0  0  0 38 31 38  0  0  0  0 38 31  0 31 38  0 11 38  0  0 38  0  0  0  0
 30 30  0  0 38  0  0  0  2 30 38  0 38 30  0 30 30 31 11 30  0  0  0 30  0  0  0  0  0 38 38  0 31  0 38  0 38 11  0 30 14  0 31 30 38  0  0  1  0 11 31  0 24 31 11  0 30  0 31 31 38 31  0  0  0  0 31  0 38  0 30 30  0  0 38 30 31  0 30  0 30 30 30  0 30  0 14 30  0  0  0  0 30  0  0  0  0 31  0 30  0  0  0 11 30 31  0  0  0  0  8 30  0 30 11  0 38 24  0  0 31  1 10  8  0
  0  0 38 31  0  0  0 38 38  0  1 38  0  0 38  0  0  0  0  0 31 38 38  0 16 38 31 16 25  0  0 40  0 31  4 40  0  0 40  0  0 38  0  0  0 31 40 38  2  0  0 22  0  0  0 40  0 38  0  0  4  0 40 38 40 38  0 31  3 38  0  0 40 19  0  0  0 31  0 40  1  1  0 38  0 31  0  0 40 38 38 38  0 22 31 19 38  0 19  1 31 31 25  0  0  0 38 38 40 31  0  0 25  0  0 38  0  0 22 40  0 38 38 38 40
  0  0 22 27  0  0 38  0 31  0  0 24  0  0 16  0  0  8  0  0 27 16 31  0 38 31 27 38 38  0  0 30  0 27  0 30  0  0 30  0  0 22  3  0  0 27 30 31 38  0  0 38  0  0  0 30  0 22  0  1  0  0 30 16 30 18  0 27  0 31  0  0 30 38  0  0  0 27  0 30  0  0  0 31  0 27  0  0 30 31  9 31  0 38 27 38 31  0 38  0 27 27 38  0  0  7 24 18 30 27  1  0 38  0  0 31  0  0 38 30  0 31 31 31 30
  0  0 31 30  0  2 38 31  0  0  0 31  0  0 31  0  1  0  2  0 30 31 11  0 38 14 30 38 38  0  0 30  0 30  0 30  0  2 30  0  0 31  0  0  0 30 30 11 38  0  0 38  0  0  0 30  0 31  0  0  0  0 30 31 30 31  0 30  0 24  0  0 30 38  0  0  0 30  0 30  0  0  0 11  0 30  0  0 30 14 31 14  0 38 30 38 24  0 38  0 30 30 38  0  0  0 31 31 30 30  3  0 38  0  0 24  0  0 38 30  0 11  4  3 30
 11 20  0  0 40 30  0  0  0  0 40  0 40 38  0 20 38 30 30 38  0  0  1 13  0  0  0  0  0 40 40  0 30  0 40  1 40 30  0 13 30  0 30 38 40  0  7  0  0 30 30  0 30 30 30  0 11  0 30 30 40 30  1  0  0  0 30  0 40  0 38 38  0  0 40 13 30  0 38  0 38  8 11  0 20  0 30 38  0  0  0  0 38  0  0  0  0 30  0 20  0  0  0 30 38 30  0  0  0  0 30 38  0 38 30  0 40 30  0  1 30  0  0  0  4
 40 40  0  0  8 38  1  0  0 40  0  0 21 31  0 40 31 38 38 31  0  0  0 40  0  0  0  0  0 21 21  0 38  0 19  0 22 38  0 40 38  0 38 31 11  0  0  0  0 38 38  0 38 38 38  0 40  0 38 38 19 38  0  0  0  0 38  0 19  0 31 31  0  8 22 40 38  0 31  0 31 40 40  0 40  1 38 31  0  0  0  0 31  0  0 10  0 38  5 40  0  1  0 38 31 38  0  0  0  0 38 31  0 31 38  0 11 38  0  0 38  0  0  0  0
  0  1 19 27  0  0 38 24 31  0  0  0  0  0 17  0  0  0  0  0 27 17 31  0 38 31 27 38 38  0  0 30  2 27  0 30  0  0 30  0  0 19  0  0  0 27 30 31 38  0  1 38  1  0  0 30  0 19  3  0  0  3 30 17 30 23  0 27  0 31  0  0 30 38  0  0  0 27  0 30  2  0  0 31  0 27  0  0 30 31 24 31  0 38 27 38 31  3 38  0 27 27 38  0  0  0  5 23 30 27  0  0 38  0  0 31  0  0 38 30  0 31 31 31 30
 40 40  0  0 21 38  0  0  0 40 21  0  0 31  0 40 31 38 38 31  0  0  0 40  7  0  0  2  3  1  2  0 38  0 16  1 11 38  0 40 38  0 38 31 23  0  0  0  0 38 38  0 38 38 38  0 40  0 38 38 16 38  0  0  0  0 38  0 16  0 31 31  0  0 11 40 38  0 31  0 31 40 40  0 40  0 38 31  0  0  0  0 31  0  0  0  0 38  1 40  0  0  0 38 31 38  0  0  0  1 38 31  0 31 38  0 23 38  0  0 38  0  0  0  0
 38 38  0  9 31 30  0  0  0 38 31  0 31  0  0 38 13 27 30 22  0  0  0 38  0  0  0  0  0 31 31  0 27  3 31  0 31 30  0 38 30  0 27 20 31  0  0  0  0 30 27  0 30 27 30  0 38  0 27 27 31 27  0  0  0  0 27  0 31  0 22 12  0  0 31 38 27  0  5  0 20 38 38  0 38  0 30 13  0  0  0  0 12  0  0  0  0 27  0 38  0  0  0 30 13 27  0  0  0  2 30 22  0 12 30  0 31 30  0  0 27  0  0  0  0
  0  0 12 27  0  0 38 16 31  0  0 17  0  0  0  0  0  1  0  0 27  1 31  0 38 31 27 38 38  0  0 30  0 27  0 30  0  0 30  0  0 12  0  0  0 27 30 31 38  0  1 38  0  7  0 30  0 12  0  0  0  3 30  5 30 14  0 27  0 31  0  0 30 38  0  0  0 27  0 30  0  0  0 31  0 27  0  0 30 31 16 31  0 38 27 38 31  0 38  0 27 27 38  0  0  0 17 14 30 27  0  0 38  0  1 31  0  0 38 30  0 31 31 31 30
 14 24  0  0 40 30  0  0  0 20 40  0 40 38  0  0 38 30 30 38  0  0  2 22  0  0  0  0  0 40 40  0 30  0 40  0 40 30  3 22 30  0 30 38 40  0  0  0  0 30 30  0 30 30 30  0 14  0 30 30 40 30  1  0  8  0 30  0 40  0 38 38  4  0 40 22 30  0 38  0 38 20 14  0 24  0 30 38  0  0  0  0 38  0  0  0  0 30  0  6  0  0  0 30 38 30  0  1  0  0 30 38  0 38 30  0 40 30  0  0 30  0  0  0  0
 38 38  0  1 31 30  0  0  1 38 31  0 31 13  0 38  0 27 30 11  9  0  0 38  0  0  0  0  0 31 31  0 27  0 31  0 31 30  0 38 30  0 27 18 31  0  0  0  0 30 27  0 30 27 30  0 38  0 27 27 31 27  0  0  0  0 27  1 31  0 11 14  0  0 31 38 27  0 13  0 18 38 38  0 38  2 30  8  0  0  0  0 14  0  0  1  0 27  0 38  0  0  0 30  3 27  0  0  0  0 30 11  0 14 30  0 31 30  0  0 27  0  0  0  0
 30 30  0  0 38 31  0  8  0 30 38  0 38 27  1 30 27  0 31 27  0  0  0 30  0  0  0  0  0 38 38  0 24  0 38  1 38 31  0 30 31  0  3 27 38  0  0  0  0 31 16  0 31 16 31  0 30  0 22 22 38 24  0  0  0  0 18  0 38  0 27 27  0  0 38 30 18  0 27  0 27 30 30  0 30  0 31 27  0  0  7  0 27  0  0  0  0 24  0 30  0  0  0 31 27  9  0  0  0  0 31 27  0 27 31  0 38 31  0  0 18  0  0  0  0
 30 30  0  0 38 11  0  0  2 30 38  0 38 30  0 30 30 31  0 30  0  0  2 30  0  0  0  0  0 38 38  0 31  0 38  0 38 19  0 30 13  0 31 30 38  0  0  9  0 19 31  0 24 31  4  0 30  0 31 31 38 31  0  0  0  0 31  0 38  0 30 30  0  0 38 30 31  0 30  0 30 30 30  0 30  0 13 30  1  0  0  0 30  0  0  0  0 31  0 30  0  0  0 19 30 31  0  0  0  0 11 30  0 30  4  0 38 24  0  0 31  0  0  0  1
 38 38  0  0 31 30  0  0  0 38 31  0 31 22  0 38 11 27 30  0  0  0  0 38  0  0  0  0  0 31 31  0 27  1 31  0 31 30  0 38 30  0 27 11 31  0  0  0  0 30 27  0 30 27 30  0 38  0 27 27 31 27  0  0  0  0 27  0 31  0  9 18  0  0 31 38 27  4 22  0 11 38 38  0 38  0 30 11  0  0  0  0 18  0  2  0  1 27  0 38  4  0  0 30 11 27  0  0  0  0 30  8  0 18 30  0 31 30  0  0 27  0  0  0  0
  0  0 27 13  1  0 31 27 30  0  0 27  0  0 27  0  9  0  0  0  0 27 30  0 31 30 14 31 31  0  0 38  0 13  0 38  0  0 38  0  0 27  0  1  0 18 38 30 31  0  0 31  0  0  0 38  0 27  0  1  0  0 38 27 38 27  0 18  0 30  0  0 38 31  0  0  0 11  0 38  0  0  0 30  0  9  0 10 38 30 27 30  0 31 18 31 30  0 31  0 11 14 31  0  8  0 27 27 38 13  0  0 31  0  0 30  0  0 31 38  0 30 30 30 38
  1  0 12 27  0  0 38 16 31  0  0 17  0  0  1  0  0  0  0  0 27  0 31  0 38 31 27 38 38  0  0 30  0 27  0 30  0  0 30  0  0 12  2  0  0 27 30 31 38  0  2 38  0  4  0 30  0 12  0  0  0  0 30  8 30 14  0 27  0 31  0  0 30 38  0  0  0 27  0 30  0  0  0 31  0 27  0  0 30 31 16 31  0 38 27 38 31  0 38  0 27 27 38  0  0  0 17 14 30 27  0  0 38  1  0 31  0  0 38 30  0 31 31 31 30
  0  0 31 30  0  0 38 31 11  1  0 31  0  0 31  2  0  0  2  0 30 31  0  0 38 13 30 38 38  0  0 30  0 30  0 30  1  0 30  0  0 31  0  0  0 30 30  3 38  0  0 38  0  0  8 30  0 31  0  0  0  0 30 31 30 31  0 30  0 24  0  0 30 38  0  0  0 30  0 30  0  0  0 19  1 30  0  0 30 13 31 13  0 38 30 38 24  0 38  0 30 30 38  0  0  0 31 31 30 30  0  0 38  0  4 24  0  1 38 30  0 19 11 11 30
 18 14  0  0 40 30  0  0  0 13 40  0 40 38  0 22 38 30 30 38  0  0  0  0  0  1  0  0  0 40 40  0 30  0 40  0 40 30  0  5 30  0 30 38 40  0  0  0  0 30 30  0 30 30 30  0 18  0 30 30 40 30  4  0  0  0 30  0 40  0 38 38  0  0 40  1 30  0 38 10 38 13 18  0 14  0 30 38  1  0  0  0 38  0  0  0  0 30  0 22  0  0  0 30 38 30  0  0  0  0 30 38  0 38 30  0 40 30  0  0 30  0  0  0  2
  0  0 38 31  0  0 16 38 38  0  0 38  7  0 38  0  0  0  0  0 31 38 38  0  0 38 31  1 11 10  9 40  0 31  0 40  0  0 40  0  0 38  0  0  0 31 40 38 16  0  0 23  0  0  0 40  0 38  1  0  0  0 40 38 40 38  0 31  0 38  0  0 40 21  3  0  0 31  0 40  0  0  0 38  0 31  0  0 40 38 38 38  0 23 31 21 38  0 21  0 31 31 11  0  0  0 38 38 40 31  0  0 11  0  0 38  2  0 23 40  0 38 38 38 40
  0  0 31 30  0  0 38 31 14  0  0 31  0  0 31  0  0  0  0  0 30 31 13  1 38  0 30 38 38  0  0 30  0 30  0 30  0  0 30  0  5 31  0  0  0 30 30 13 38  0  0 38  0  0  0 30  0 31  0  0  0  0 30 31 30 31  0 30  0 13  0  0 30 38  0  0  0 30  0 30  0  0  0 19  0 30  3  0 30  8 31  3  0 38 30 38 13  0 38  0 30 30 38  0  0  0 31 31 30 30  0  0 38  0  0 13  0  0 38 30  0 19 14 14 30
  0  0 27 12  1  0 31 27 30  0  0 27  0  0 27  0  0  0  0  0 14 27 30  0 31 30  0 31 31  0  0 38  0 12  0 38  0  0 38  0  0 27  0  1  0 25 38 30 31  0  0 31  0  0  0 38  0 27  0  0  0  0 38 27 38 27  0 25  0 30  0  2 38 31  0  0  0 18  1 38  0  0  0 30  0 14  0  0 38 30 27 30  1 31 25 31 30  0 31  0 18  9 31  0  0  0 27 27 38 12  1  0 31 10  0 30  0  0 31 38  0 30 30 30 38
  0  0 38 31  0  0 16 38 38  0  0 38  2  0 38  0  0  0  0  0 31 38 38  0  1 38 31  0 11  1  3 40  0 31  0 40  3  0 40  0  0 38  0  0  1 31 40 38 16  0  0 23  0  0  0 40  0 38  0  0  0  0 40 38 40 38  0 31  0 38  0  0 40 21  0  0  0 31  0 40  0  0  0 38  0 31  0  0 40 38 38 38  0 23 31 21 38  0 21  0 31 31 11  0  0  0 38 38 40 31  0  0 11  0  0 38  0  0 23 40  0 38 38 38 40
  0  0 38 31  0  0 25 38 38  0  0 38  3  0 38  0  0  0  0  0 31 38 38  0 11 38 31 11  0  0  0 40  0 31  0 40  1  0 40  0  0 38  0  0  0 31 40 38 25  0  0 24  0  0  0 40  0 38  0  0  0  0 40 38 40 38  0 31  0 38  0  1 40 22  3  0  0 31  0 40  0  0  0 38  0 31  0  0 40 38 38 38  0 24 31 22 38  0 22  0 31 31  6  0  0  0 38 38 40 31  0  0  1  0  0 38  0  0 24 40  0 38 38 38 40
 40 40  0  0 21 38  0  0  0 40 21  0  1 31  0 40 31 38 38 31  0  0  0 40 10  0  0  1  0  0  9  0 38  0 16  0 11 38  0 40 38  0 38 31 23  0  0  0  0 38 38  0 38 38 38  0 40  0 38 38 16 38  0  0  0  0 38  0 16  0 31 31  0  0 11 40 38  0 31  0 31 40 40  0 40  0 38 31  0  0  0  0 31  0  1  0  0 38  0 40  0  0  0 38 31 38  0  0  0  0 38 31  0 31 38  0 23 38  2  0 38  0  0  0  0
 40 40  0  0 21 38  0  0  0 40 21  0  2 31  0 40 31 38 38 31  0  0  0 40  9  0  0  3  0  9  0  0 38  0 16  0 11 38  0 40 38  0 38 31 23  0  0  0  0 38 38  0 38 38 38  0 40  0 38 38 16 38  0  0  0  0 38  0 16  0 31 31  0  0 11 40 38  0 31  0 31 40 40  0 40  0 38 31  0  0  0  0 31  0  0  0  0 38  0 40  0  0  0 38 31 38  0  0  0  0 38 31  1 31 38  0 23 38  0  0 38  0  0  0  0
  0  6 30 38  0  0 40 30 30  0  0 30  0  0 30  0  0  0  0  0 38 30 30  0 40 30 38 40 40  0  0  0  3 38  0 20  0  0 24  0  0 30  0  0  0 38 20 30 40  0  0 40  0  0  0  4  2 30  0  0  0  0 14 30 24 30  0 38  0 30  0  0 24 40  0  1  0 38  0 14  0  0  0 30  7 38  0  0  4 30 30 30  0 40 38 40 30  0 40  0 38 38 40  0  0  0 30 30 11 38  0  0 40  0  0 30  0  0 40 11  0 30 30 30 20
 30 30  0  0 38 31  0  0  0 30 38  2 38 27  0 30 27 24 31 27  0  0  0 30  0  0  0  0  0 38 38  3  0  1 38  0 38 31  1 30 31  1 24 27 38  0  1  0  0 31 17  0 31 17 31  0 30  0 19 19 38  6  0  4  0  0 23  0 38  0 27 27  0  0 38 30 23  0 27  0 27 30 30  0 30  0 31 27  0  0  0  0 27  0  1  0  0  9  0 30  0  0  0 31 27 24  3  0  0  0 31 27  0 27 31  0 38 31  0  0 23  0  0  0  0
  0  0 27  7  0  0 31 27 30  0  0 27  0  3 27  0  0  0  0  1 13 27 30  0 31 30 12 31 31  0  0 38  1  0  1 38  0  0 38  0  0 27  0  0  0 20 38 30 31  0  0 31  0  0  0 38  0 27  0  0  0  0 38 27 38 27  0 20  0 30  0  0 38 31  0  0  0 22  2 38  0  0  0 30  0 13  0  0 38 30 27 30  2 31 20 31 30  0 31  0 22 12 31  0  0  0 27 27 38  2  0  0 31  0  0 30  0  0 31 38  0 30 30 30 38
 40 40  0  0 19 38  4  0  0 40 19  0 16 31  0 40 31 38 38 31  0  0  0 40  0  0  0  0  0 16 16  0 38  1  0  0 25 38  0 40 38  0 38 31 22  0  0  0  6 38 38  0 38 38 38  0 40  0 38 38  8 38  0  0  0  0 38  0  8  0 31 31  0  0 25 40 38  0 31  0 31 40 40  0 40  0 38 31  0  1  0  0 31  0  1  0  0 38  0 40  0  0  1 38 31 38  0  0  0  0 38 31  0 31 38  0 22 38  0  0 38  0  0  0  0
  0  0 30 38  0  0 40 30 30  1  0 30  1  0 30  0  0  1  0  0 38 30 30  0 40 30 38 40 40  0  0 20  0 38  0  0  0  0 20  0  0 30  0  0  0 38  8 30 40  0  0 40  0  0  0 20  0 30  0  0  0  0 13 30 20 30  0 38  0 30  0  0 20 40  0  0  0 38  0 13  0  3  2 30  0 38  0  0 20 30 30 30  0 40 38 40 30  0 40  0 38 38 40  0  0  0 30 30 11 38  0  0 40  0  0 30  0  0 40 11  0 30 30 30  2
 40 40  0  0 22 38  0  0  0 40 22  0 11 31  0 40 31 38 38 31  0  0  1 40  0  0  0  3  1 11 11  0 38  0 25  0  0 38  0 40 38  0 38 31 24  0  0  0  1 38 38  0 38 38 38  0 40  0 38 38 25 38  0  0  0  0 38  0 25  0 31 31  0  0  7 40 38  1 31  0 31 40 40  0 40  0 38 31  0  0  0  0 31  0  0  0  0 38  0 40  0  0  5 38 31 38  0  0  0  0 38 31  8 31 38  0 24 38  0  0 38  0  0  0  0
 30 30  0  0 38 11  0  0  2 30 38  0 38 30  0 30 30 31 19 30  0  0  0 30  0  0  0  0  0 38 38  0 31  0 38  0 38  0  0 30 19  0 31 30 38  0  0  0  0  8 31  1 13 31 19  0 30  0 31 31 38 31  0  0  0  0 31  1 38  0 30 30  1  0 38 30 31  0 30  0 30 30 30  9 30  0 19 30  0  0  0  0 30  0  0  0  0 31  0 30  0  0  0  8 30 31  0  0  0  0 11 30  0 30 19  0 38 13  0  0 31  9  0  0  0
  0  0 30 38  0  0 40 30 30  0  0 30  0  0 30  3  0  0  0  0 38 30 30  0 40 30 38 40 40  0  0 24  1 38  0 20  0  0  0  0  0 30  0  0  0 38 20 30 40  0  0 40  0  0  0 24  2 30  0  0  0  0 22 30  2 30  0 38  0 30  0  0  1 40  0  0  0 38  0 22  0  0  0 30  0 38  0  0 24 30 30 30  0 40 38 40 30  0 40  8 38 38 40  0  0  0 30 30 14 38  0  0 40  0  0 30  0  0 40 14  0 30 30 30 20
 18 14  0  0 40 30  0  0  0 13 40  0 40 38  0 22 38 30 30 38  0  0  0  5  0  0  0  0  0 40 40  0 30  0 40  0 40 30  0  0 30  0 30 38 40  0  0  0  0 30 30  0 30 30 30  0 18  0 30 30 40 30  5  0  1  0 30  0 40  0 38 38  0  0 40  2 30  0 38  2 38 13 18  0 14  0 30 38  0  0  0  0 38  0  0  0  0 30  0 22  0  0  0 30 38 30  0  0  0  0 30 38  0 38 30  0 40 30  0  0 30  0  2  0  0
 30 30  0  0 38 14  0  0  0 30 38  0 38 30  0 30 30 31 13 30  0  0  0 30  0  5  0  0  0 38 38  0 31  0 38  0 38 19  0 30  0  0 31 30 38  0  0  0  0 19 31  0 13 31 13  0 30  0 31 31 38 31  0  0  0  0 31  0 38  0 30 30  0  0 38 30 31  0 30  0 30 30 30  1 30  0  4 30  0  3  0  5 30  0  0  0  0 31  0 30  0  0  0 19 30 31  0  0  0  0 14 30  0 30 13  0 38 13  0  1 31  0  0  0  0
  0  0  3 27  0  0 38 22 31  0  0 19  0  0 12  0  0  0  0  0 27 12 31  0 38 31 27 38 38  0  0 30  1 27  0 30  0  0 30  0  0  0  0  0  0 27 30 31 38  0  0 38  0  0  0 30  1  8  4  3  0  0 30 12 30 17  0 27  0 31  0  0 30 38  0  0  0 27  0 30  0  0  0 31  0 27  0  0 30 31 22 31  0 38 27 38 31  0 38  0 27 27 38  0  1  0 19 17 30 27  0  0 38  0  0 31  0  0 38 30  0 31 31 31 30
 30 30  0  1 38 31  0  3  0 30 38  0 38 27  0 30 27  3 31 27  0  2  0 30  0  0  0  0  0 38 38  0 24  0 38  0 38 31  0 30 31  0  0 27 38  0  0  0  0 31 16  0 31 16 31  0 30  0 22 22 38 24  0  0  0  0 18  0 38  0 27 27  1  0 38 30 18  0 27  0 27 30 30  0 30  0 31 27  0  0  6  0 27  0  0  0  0 24  0 30  0  0  0 31 27  6  0  0  0  0 31 27  0 27 31  0 38 31  0  0 18  0  0  0  0
 38 38  0  0 31 30  0  0  0 38 31  0 31 20  0 38 18 27 30 11  1  0  0 38  0  0  1  0  0 31 31  0 27  0 31  0 31 30  0 38 30  0 27  0 31  2  0  0  1 30 27  0 30 27 30  0 38  0 27 27 31 27  0  0  0  0 27 10 31  0 11 25  0  0 31 38 27  3 20  0  6 38 38  0 38  0 30 18  0  0  0  0 25  0  8  0  0 27  0 38  0  0  0 30 18 27  0  0  0  0 30 11  0 25 30  0 31 30  0  0 27  0  0  0  0
 40 40  0  0 11 38  0  0  0 40 11  0 23 31  0 40 31 38 38 31  0  0  0 40  0  0  0  1  0 23 23  0 38  0 22  0 24 38  0 40 38  0 38 31  0  0  0  0  1 38 38  9 38 38 38  0 40  0 38 38 22 38  0  0  0  0 38  0 22  0 31 31  0  0 24 40 38  1 31  0 31 40 40  0 40  0 38 31  0  0  0  0 31  3  0  0  0 38  0 40  0  0  0 38 31 38  0  0  0  0 38 31  0 31 38  0  9 38  4  0 38  0  0  0  0
  0  0 27 20  0  0 31 27 30  0  0 27  0  0 27  0  0  0  0  0 18 27 30  0 31 30 25 31 31  0  0 38  0 20  0 38  0  0 38  0  0 27  0  2  0  0 38 30 31  0  0 31  0  0  0 38  0 27  0  0  0  0 38 27 38 27  0  8  0 30  0  1 38 31  0  0  1 11  0 38  3  0  0 30  0 18  0  0 38 30 27 30  0 31  8 31 30  0 31  0 11 25 31  0  0  0 27 27 38 20  0  3 31  0  0 30  0  0 31 38  0 30 30 30 38
  0  0 30 38  0  0 40 30 30  7  0 30  0  0 30  0  0  0  0  0 38 30 30  0 40 30 38 40 40  0  0 20  1 38  0  8  0  0 20  0  0 30  0  0  0 38  0 30 40  0  0 40  0  0  2 20  0 30  0  0  0  0 13 30 20 30  0 38  0 30  0  0 20 40  0  1  0 38  0 13  0  3  0 30  0 38  0  0 20 30 30 30  0 40 38 40 30  0 40  0 38 38 40  0  0  0 30 30 11 38  0  0 40  0  0 30  0  0 40 11  2 30 30 30  1
  0  2 31 30  0  1 38 31 11  0  0 31  0  0 31  0  0  0  9  0 30 31  3  0 38 13 30 38 38  0  0 30  0 30  0 30  0  0 30  0  0 31  0  0  0 30 30  0 38  0  0 38  0  0  2 30  0 31  0  0  0  0 30 31 30 31  0 30  0 24  0  0 30 38  0  0  0 30  0 30  0  0  0 19  0 30  0  0 30 13 31 13  0 38 30 38 24  0 38  0 30 30 38  0  0  0 31 31 30 30  0  0 38  0  7 24  0  0 38 30  0 19 11 11 30
  0  0 38 31  0  0  2 38 38  0  0 38  0  0 38  0  0  0  0  0 31 38 38  0 16 38 31 16 25  0  0 40  0 31  6 40  1  0 40  0  0 38  0  1  1 31 40 38  0  0  0 22  0  0  0 40  0 38  0  0  3  0 40 38 40 38  0 31  8 38  0  0 40 19  0  0  0 31  0 40  0  0  0 38  0 31  0  0 40 38 38 38  0 22 31 19 38  0 19  0 31 31 25  0  0  0 38 38 40 31  0  0 25  0  0 38  0  0 22 40  0 38 38 38 40
 30 30  0  0 38 11  0  0  0 30 38  0 38 30  0 30 30 31 19 30  0  0  0 30  0  0  0  0  0 38 38  0 31  0 38  0 38  8  0 30 19  0 31 30 38  0  0  0  0  0 31  0 13 31 19  0 30  0 31 31 38 31  0  0  0  0 31  0 38  0 30 30  0  0 38 30 31  0 30  0 30 30 30  6 30  0 19 30  0  1  0  0 30  0  1  0  1 31  0 30  0  0  0  1 30 31  0  0  0  0 11 30  0 30 19  0 38 13  0  0 31  9  0  3  0
 30 30  0  0 38 31  0  0  0 30 38  1 38 27  1 30 27 16 31 27  0  2  0 30  0  0  0  0  0 38 38  0 17  0 38  0 38 31  0 30 31  0 16 27 38  0  0  0  0 31  0  0 31 10 31  0 30  0 12 12 38 17  0  7  0  2 14  0 38  0 27 27  0  0 38 30 14  0 27  0 27 30 30  0 30  0 31 27  0  0  0  0 27  0  0  0  0 17  0 30  1  0  0 31 27 16  0  0  0  0 31 27  0 27 31  0 38 31  0  0 14  0  0  0  0
  0  0 38 31  0  0 22 38 38  0  0 38  0  0 38  0  0  0  0  0 31 38 38  0 23 38 31 23 24  0  0 40  0 31  0 40  0  1 40  0  0 38  0  0  9 31 40 38 22  0  0  0  0  0  0 40  0 38  0  0  1  0 40 38 40 38  0 31  0 38  1  0 40 11  0  0  0 31  0 40  0  0  0 38  0 31  0  0 40 38 38 38  0  2 31 11 38  0 11  0 31 31 24  0  0  0 38 38 40 31  0  0 24  0  0 38  5  0  6 40  0 38 38 38 40
 30 30  0  0 38 24  0  0  0 30 38  1 38 30  0 30 30 31 24 30  0  0  0 30  0  0  0  0  0 38 38  0 31  0 38  0 38 13  0 30 13  0 31 30 38  0  0  0  0 13 31  0  0 31 24  0 30  0 31 31 38 31  0  0  0  0 31  0 38  8 30 30  0  0 38 30 31  0 30  1 30 30 30  0 30  1 13 30  0  0  1  0 30  0  0  0 10 31  0 30  1  1  0 13 30 31  0  0  0  0 24 30  0 30 24  2 38  2  0  0 31  3  0  0  0
 30 30  0  0 38 31  0  0  0 30 38  0 38 27  7 30 27 16 31 27  0  4  0 30  0  0  0  0  0 38 38  0 17  0 38  0 38 31  0 30 31  0 16 27 38  0  0  0  0 31 10  0 31  0 31  0 30  0 12 12 38 17  0  8  0  0 14  0 38  0 27 27  0  0 38 30 14  0 27  0 27 30 30  0 30  0 31 27  0  0  0  0 27  0  0  0  0 17  0 30  0  0  0 31 27 16  2  1  0  0 31 27  0 27 31  0 38 31  0  1 14  0  0  0  0
 30 30  0  0 38 11  0  0  0 30 38  0 38 30  0 30 30 31  4 30  0  0  8 30  0  0  0  0  0 38 38  0 31  0 38  0 38 19  0 30 13  0 31 30 38  0  2  2  0 19 31  0 24 31  0  0 30  0 31 31 38 31  0  0  0  0 31  0 38  0 30 30  0  0 38 30 31  0 30  0 30 30 30  0 30  0 13 30  0  1  0  0 30  0  1  0  0 31  0 30  0  0  0 19 30 31  0  0  0  0 11 30  0 30 10  0 38 24  1  0 31  0  0  2  0
  0  6 30 38  0  0 40 30 30  0  0 30  0  0 30  0  0  0  0  0 38 30 30  0 40 30 38 40 40  0  0  4  0 38  0 20  0  0 24  0  0 30  0  0  0 38 20 30 40  0  0 40  0  0  0  0  0 30  0  0  0  0 14 30 24 30  0 38  1 30  0  0 24 40  0  0  0 38  0 14  0  0  0 30  2 38  0  0  1 30 30 30  0 40 38 40 30  0 40  0 38 38 40  0  0  0 30 30 11 38  0  0 40  0  0 30  0  0 40 11  0 30 30 30 20
  7 11  0  0 40 30  0  0  0 11 40  0 40 38  0 14 38 30 30 38  0  0  0 18  0  0  0  0  0 40 40  2 30  0 40  0 40 30  2 18 30  1 30 38 40  0  0  0  0 30 30  0 30 30 30  0  0  0 30 30 40 30  0  0  0  0 30  0 40  0 38 38  0  0 40 18 30  0 38  0 38 11  5  0 11  0 30 38  0  0  0  0 38  0  0  0  0 30  0 14  0  0  0 30 38 30  0  0  3  0 30 38  0 38 30  0 40 30  0  8 30  0  0  0  0
  0  0  1 27  0  0 38 22 31  0  0 19  0  0 12  0  0  0  0  0 27 12 31  0 38 31 27 38 38  0  0 30  0 27  0 30  0  0 30  0  0  8  0  0  0 27 30 31 38  0  0 38  0  0  0 30  0  0  4  9  0  0 30 12 30 17  0 27  0 31  0  0 30 38  0  0  0 27  0 30  0  0  0 31  0 27  0  1 30 31 22 31  0 38 27 38 31  0 38  0 27 27 38  0  0  0 19 17 30 27  0  0 38  0  0 31  0  0 38 30  0 31 31 31 30
 30 30  2  0 38 31  0  0  0 30 38  3 38 27  0 30 27 22 31 27  0  0  0 30  1  0  0  0  0 38 38  0 19  0 38  0 38 31  0 30 31  4 22 27 38  0  0  0  0 31 12  0 31 12 31  0 30  4  0  8 38 19  0  0  0  0 17  0 38  0 27 27  0  0 38 30 17  0 27  0 27 30 30  0 30  0 31 27  0  0  1  0 27  0  0  0  0 19  0 30  2  0  0 31 27 22  0  0  0  0 31 27  0 27 31  0 38 31  0  0 17  0  0  0  0
 30 30  5  0 38 31  0  1  0 30 38  0 38 27  0 30 27 22 31 27  1  0  0 30  0  0  0  0  0 38 38  0 19  0 38  0 38 31  0 30 31  3 22 27 38  0  0  0  0 31 12  0 31 12 31  0 30  9  8  0 38 19  1  0  0  0 17  0 38  0 27 27  0  0 38 30 17  0 27  0 27 30 30  0 30  0 31 27  0  0  0  0 27  0  0  0  0 19  0 30  0  0  0 31 27 22  0  2  0  0 31 27  0 27 31  0 38 31  0  0 17  0  0  0  0
 40 40  0  0 19 38  4  0  0 40 19  0 16 31  0 40 31 38 38 31  0  0  0 40  0  0  0  0  0 16 16  0 38  0  8  0 25 38  0 40 38  0 38 31 22  0  0  0  3 38 38  1 38 38 38  0 40  0 38 38  0 38  0  0  0  0 38  0  2  0 31 31  0  0 25 40 38  0 31  0 31 40 40  0 40  0 38 31  0  0  0  0 31  0  0  1  0 38  0 40  0  0  0 38 31 38  0  0  0  0 38 31  0 31 38  0 22 38  0  0 38  0  0  0  1
 30 30  0  0 38 31  0  0  0 30 38  3 38 27  3 30 27 24 31 27  0  0  0 30  0  0  0  0  0 38 38  0  6  0 38  0 38 31  0 30 31  0 24 27 38  0  0  0  0 31 17  0 31 17 31  0 30  0 19 19 38  0  0  0  0  0 23  0 38  0 27 27  0  0 38 30 23  0 27  0 27 30 30  0 30  0 31 27  0  0  0  0 27  0  0  0  0  8  0 30  0  0  0 31 27 24  2  0  0  1 31 27  0 27 31  0 38 31  0  0 23  0  1  0  0
  0  0 30 38  0  0 40 30 30  1  0 30  0  0 30  1  0  0  0  0 38 30 30  4 40 30 38 40 40  0  0 14  0 38  0 13  0  0 22  5  0 30  0  0  0 38 13 30 40  0  0 40  0  0  0 14  0 30  0  1  0  0  0 30 22 30  0 38  0 30  0  0 22 40  0  1  0 38  0  6  0  0  0 30  3 38  0  0 14 30 30 30  0 40 38 40 30  0 40  0 38 38 40  0  0  0 30 30 18 38  1  0 40  0  0 30  0  0 40 18  0 30 30 30 13
  0  0 12 27  0  0 38 16 31  0  0 17  0  0  5  0  0  0  0  0 27  8 31  0 38 31 27 38 38  0  0 30  4 27  0 30  0  0 30  0  0 12  0  0  0 27 30 31 38  0  7 38  0  8  0 30  0 12  0  0  0  0 30  0 30 14  0 27  0 31  0  0 30 38  0  1  0 27  0 30  0  0  0 31  0 27  0  0 30 31 16 31  1 38 27 38 31  0 38  0 27 27 38  0  0  1 17 14 30 27  0  0 38  0  0 31  0  0 38 30  0 31 31 31 30
  0  0 30 38  0  0 40 30 30  0  0 30  0  0 30  8  0  0  0  0 38 30 30  0 40 30 38 40 40  0  0 24  0 38  0 20  0  0  2  1  0 30  0  0  0 38 20 30 40  0  0 40  0  0  0 24  0 30  0  0  0  0 22 30  0 30  0 38  0 30  0  0  1 40  0  0  0 38  0 22  0  0  2 30  0 38  0  0 24 30 30 30  0 40 38 40 30  0 40  1 38 38 40  0  0  0 30 30 14 38  0  0 40  0  0 30  0  0 40 14  0 30 30 30 20
  0  1 17 27  0  0 38 18 31  0  0 23  0  0 14  0  0  0  0  0 27 14 31  0 38 31 27 38 38  0  0 30  0 27  0 30  0  0 30  0  0 17  0  0  0 27 30 31 38  0  2 38  0  0  0 30  0 17  0  0  0  0 30 14 30  0  4 27  0 31  0  0 30 38  0  0  3 27  0 30  0  0  0 31  0 27  0  0 30 31 18 31  0 38 27 38 31  0 38  0 27 27 38  0  0  0 23  5 30 27  0  0 38  0  0 31  0  0 38 30  1 31 31 31 30
 30 30  0  0 38 31  0  0  0 30 38  0 38 27  0 30 27 18 31 27  0  0  0 30  0  0  0  0  0 38 38  0 23  0 38  0 38 31  0 30 31  0 18 27 38  0  0  0  0 31 14  0 31 14 31  0 30  0 17 17 38 23  0  0  0  4  0  0 38  0 27 27  0  0 38 30  5  0 27  0 27 30 30  0 30  0 31 27  0  0  0  0 27  0  0  0  0 23  0 30  0  0  0 31 27 18  0  8  0  0 31 27  0 27 31  0 38 31  0  0  9  0  0  0  0
  0  0 27 20  0  0 31 27 30  0  0 27  0  0 27  0  1  0  0  0 18 27 30  0 31 30 25 31 31  0  0 38  0 20  0 38  0  1 38  0  0 27  0 10  0  8 38 30 31  0  0 31  0  0  0 38  0 27  0  0  0  0 38 27 38 27  0  0  0 30  0  0 38 31  0  0  0 11  0 38  6  0  0 30  0 18  0  0 38 30 27 30  0 31  9 31 30  0 31  0 11 25 31  0  0  0 27 27 38 20  0  0 31  0  0 30  0  0 31 38  0 30 30 30 38
 40 40  0  0 19 38  3  0  0 40 19  0 16 31  0 40 31 38 38 31  0  0  0 40  0  0  0  0  0 16 16  0 38  0  8  0 25 38  0 40 38  0 38 31 22  0  0  0  8 38 38  0 38 38 38  1 40  0 38 38  2 38  0  0  0  0 38  0  0  0 31 31  0  0 25 40 38  0 31  0 31 40 40  0 40  0 38 31  0  0  0  0 31  0  0  0  0 38  2 40  0  0  0 38 31 38  0  0  0  1 38 31  0 31 38  0 22 38  0  0 38  0  0  0  0
  0  0 31 30  0  0 38 31 24  0  0 31  0  0 31  0  0  0  0  0 30 31 24  0 38 13 30 38 38  0  0 30  0 30  0 30  0  0 30  0  0 31  0  0  0 30 30 24 38  0  0 38  8  0  0 30  0 31  0  0  0  0 30 31 30 31  0 30  0  0  0  0 30 38  0  0  0 30  0 30  0  0  0 13  0 30  0  0 30 13 31 13  0 38 30 38  4  0 38  0 30 30 38  0  0  0 31 31 30 30  0  0 38  0  0  2  0  3 38 30  0 13 24 24 30
 38 38  0  0 31 30  0  0  0 38 31  0 31 22  0 38 11 27 30  9  0  0  0 38  0  0  0  0  0 31 31  0 27  0 31  0 31 30  0 38 30  0 27 11 31  0  0  0  0 30 27  1 30 27 30  0 38  0 27 27 31 27  0  0  0  0 27  0 31  0  0 18  0  0 31 38 27  5 22  0 11 38 38  0 38  0 30 11  0  0  0  0 18  0  0  1  0 27  0 38 10  0  0 30 11 27  0  0  0  0 30  2  0 18 30  0 31 30  0  0 27  0  0  0  0
 38 38  0  0 31 30  0  0  0 38 31  0 31 12  0 38 14 27 30 18  0  0  0 38  0  0  2  0  1 31 31  0 27  0 31  0 31 30  0 38 30  0 27 25 31  1  0  0  0 30 27  0 30 27 30  0 38  0 27 27 31 27  0  0  0  0 27  0 31  0 18  0  0  0 31 38 27  0 12  0 25 38 38  0 38  0 30 14  0  0  0  0  8  0  0  0  0 27  0 38  0  2  0 30 14 27  0  0  0  0 30 18  0  4 30  1 31 30  0  0 27  0  1  0  0
  1  0 30 38  0  0 40 30 30  0  0 30  0  0 30  4  0  0  0  0 38 30 30  0 40 30 38 40 40  0  0 24  0 38  0 20  0  1  1  0  0 30  1  0  0 38 20 30 40  0  0 40  0  0  0 24  0 30  0  0  0  0 22 30  1 30  0 38  0 30  0  0  0 40  0  0  0 38  0 22  0  0  0 30  0 38  0  0 24 30 30 30  0 40 38 40 30  0 40  2 38 38 40  0  0  0 30 30 14 38  0  0 40  0  0 30  0  0 40 14  0 30 30 30 20
  0  0 38 31  4  0 19 38 38  0  8 38  0  0 38  0  0  0  0  0 31 38 38  0 21 38 31 21 22  0  0 40  0 31  0 40  0  0 40  0  0 38  0  0  0 31 40 38 19  0  0 11  0  0  0 40  0 38  0  0  0  0 40 38 40 38  0 31  0 38  0  0 40  0  0  0  0 31  0 40  0  0  0 38  0 31  0  0 40 38 38 38  0 11 31  9 38  0  1  0 31 31 22  0  0  0 38 38 40 31  0  0 22  0  0 38  0  0 11 40  0 38 38 38 40
 40 40  0  0 22 38  0  0  0 40 22  0 11 31  0 40 31 38 38 31  0  0  0 40  3  0  0  0  3 11 11  0 38  0 25  0  7 38  0 40 38  0 38 31 24  0  0  0  0 38 38  0 38 38 38  0 40  0 38 38 25 38  0  0  0  0 38  0 25  0 31 31  0  0  0 40 38  0 31  1 31 40 40  0 40  0 38 31  0  0  0  0 31  0  0  0  0 38  0 40  0  1  7 38 31 38  0  0  0  0 38 31  9 31 38  0 24 38  0  0 38  0  0  0  0
 18 14  0  0 40 30  0  0  0 13 40  0 40 38  0 22 38 30 30 38  0  0  0  1  0  0  0  0  0 40 40  1 30  0 40  0 40 30  0  2 30  0 30 38 40  0  1  0  0 30 30  0 30 30 30  0 18  0 30 30 40 30  1  1  0  0 30  0 40  0 38 38  0  0 40  0 30  0 38  8 38 13 18  0 14  0 30 38  0  0  0  0 38  0  0  0  1 30  0 22  0  0  0 30 38 30  0  0  0  0 30 38  0 38 30  0 40 30  1  0 30  0  0  1  0
 30 30  0  0 38 31  0  0  0 30 38  0 38 27  0 30 27 18 31 27  0  0  0 30  0  0  0  0  0 38 38  0 23  0 38  0 38 31  0 30 31  0 18 27 38  1  0  0  0 31 14  0 31 14 31  0 30  0 17 17 38 23  0  0  0  3  5  0 38  0 27 27  0  0 38 30  0  0 27  0 27 30 30  0 30  0 31 27  0  0  0  0 27  0  0  0  0 23  0 30  0  0  0 31 27 18  0  8  0  0 31 27  0 27 31  0 38 31  0  0  6  0  0  0  0
  0  0 27 22  0  0 31 27 30  0  0 27  0  0 27  0  0  0  0  4 11 27 30  0 31 30 18 31 31  0  0 38  0 22  0 38  1  0 38  0  0 27  0  3  1 11 38 30 31  0  0 31  0  0  0 38  0 27  0  0  0  0 38 27 38 27  0 11  0 30  5  0 38 31  0  0  0  0  4 38  0  0  0 30  0 11  0  0 38 30 27 30  0 31 11 31 30  0 31  0  8 18 31  0  0  0 27 27 38 22  1 10 31  0  0 30  0  0 31 38  0 30 30 30 38
 38 38  0  2 31 30  0  0  0 38 31  0 31  5  0 38 13 27 30 22  0  0  0 38  0  0  1  0  0 31 31  0 27  2 31  0 31 30  0 38 30  0 27 20 31  0  0  0  0 30 27  0 30 27 30  0 38  0 27 27 31 27  0  0  0  0 27  0 31  0 22 12  0  0 31 38 27  4  0  0 20 38 38  0 38  0 30 13  0  0  0  0 12  0  0  0  0 27  0 38  0  0  0 30 13 27  0  0  0  7 30 22  0 12 30  0 31 30  0  0 27  0  0  0  0
  0  1 30 38  0  0 40 30 30  0  0 30  0  0 30  0  0  0  0  0 38 30 30 10 40 30 38 40 40  0  0 14  0 38  0 13  0  0 22  2  0 30  0  0  0 38 13 30 40  0  0 40  1  0  0 14  0 30  0  0  0  0  6 30 22 30  0 38  0 30  0  0 22 40  1  8  0 38  0  0  0  1  0 30  0 38  0  0 14 30 30 30  0 40 38 40 30  0 40  1 38 38 40  0  0  0 30 30 18 38  0  0 40  0  0 30  0  0 40 18  0 30 30 30 13
 38 38  0  0 31 30  1  0  0 38 31  2 31 20  0 38 18 27 30 11  0  0  0 38  0  0  0  0  0 31 31  0 27  0 31  0 31 30  0 38 30  0 27  6 31  3  0  0  0 30 27  0 30 27 30  0 38  0 27 27 31 27  0  0  0  0 27  6 31  0 11 25  0  0 31 38 27  0 20  0  0 38 38  0 38  2 30 18  0  0  0  0 25  0  8  0  0 27  0 38  1  0  0 30 18 27  0  0  0  0 30 11  0 25 30  0 31 30  0  0 27  0  0  0  0
 11 20  0  0 40 30  1  0  0  8 40  0 40 38  0 20 38 30 30 38  0  0  0 13  0  0  0  0  0 40 40  0 30  0 40  3 40 30  0 13 30  0 30 38 40  0  3  0  0 30 30  0 30 30 30  0 11  0 30 30 40 30  0  0  0  0 30  0 40  0 38 38  0  0 40 13 30  0 38  1 38  0 11  0 20  0 30 38  0  0  0  0 38  0  0  0  0 30  0 20  0  0  0 30 38 30  0  0  1  0 30 38  0 38 30  0 40 30  0  0 30  0  0  0  1
  5 11  0  0 40 30  0  0  0 11 40  0 40 38  0 14 38 30 30 38  0  0  0 18  0  0  0  0  0 40 40  0 30  0 40  2 40 30  0 18 30  0 30 38 40  0  0  0  0 30 30  0 30 30 30  0  5  0 30 30 40 30  0  0  2  0 30  0 40  0 38 38  0  0 40 18 30  0 38  0 38 11  0  0 11  0 30 38  0  0  0  1 38  0  0  0  0 30  0 14  0  0  0 30 38 30  0  0  9  0 30 38  0 38 30  0 40 30  0  2 30  0  0  0  0
  0  0 31 30  0  0 38 31 11  0  0 31  0  0 31  0  0  0  0  0 30 31 19  0 38 19 30 38 38  0  0 30  0 30  0 30  0  9 30  0  1 31  0  0  0 30 30 19 38  6  0 38  0  0  0 30  0 31  0  0  0  0 30 31 30 31  0 30  0 13  0  0 30 38  0  0  0 30  0 30  0  0  0  0  0 30  0  0 30 19 31 19  0 38 30 38 13  0 38  0 30 30 38  2  0  0 31 31 30 30  1  0 38  0  0 13  0  2 38 30  0  3 11 11 30
 11  7  0  0 40 30  0  0  0 20 40  0 40 38  0 24 38 30 30 38  0  0  1 14  0  0  0  0  0 40 40  7 30  0 40  0 40 30  0 14 30  0 30 38 40  0  0  0  0 30 30  0 30 30 30  2 11  0 30 30 40 30  3  0  0  0 30  0 40  0 38 38  0  0 40 14 30  0 38  0 38 20 11  0  0  0 30 38  7  0  0  0 38  0  0  0  0 30  0 24  0  0  0 30 38 30  0  0  0  0 30 38  0 38 30  0 40 30  0  2 30  0  0  0  0
  0  0 27 13  0  0 31 27 30  0  1 27  0  0 27  0  2  0  0  0  9 27 30  0 31 30 14 31 31  0  0 38  0 13  0 38  0  0 38  0  0 27  0  0  0 18 38 30 31  0  0 31  1  0  0 38  0 27  0  0  0  0 38 27 38 27  0 18  0 30  0  0 38 31  0  0  0 11  0 38  2  0  0 30  0  0  0  3 38 30 27 30  0 31 18 31 30  0 31  0 11 14 31  0  9  0 27 27 38 13  0  0 31  0  0 30  1  0 31 38  0 30 30 30 38
 30 30  0  0 38 14  0  0  0 30 38  0 38 30  0 30 30 31 13 30  0  0  0 30  0  3  0  0  0 38 38  0 31  0 38  0 38 19  0 30  4  0 31 30 38  0  0  0  0 19 31  0 13 31 13  0 30  0 31 31 38 31  0  0  0  0 31  0 38  0 30 30  0  0 38 30 31  0 30  0 30 30 30  0 30  0  0 30  0  5  0  7 30  0  0  0  0 31  0 30  1  0  0 19 30 31  0  0  0  0 14 30  0 30 13  0 38 13  0  0 31  0  0  0  0
 38 38  0  0 31 30  0  0  0 38 31  0 31 13  0 38  8 27 30 11 10  0  0 38  0  0  0  0  0 31 31  0 27  0 31  0 31 30  0 38 30  0 27 18 31  0  0  0  0 30 27  0 30 27 30  0 38  1 27 27 31 27  0  0  0  0 27  0 31  0 11 14  0  0 31 38 27  0 13  0 18 38 38  0 38  3 30  0  0  0  0  1 14  1  0  0  0 27  0 38  0  0  0 30  6 27  0  0  0  1 30 11  0 14 30  0 31 30  0  0 27  0  0  0  0
  1 10 30 38  0  0 40 30 30  0  0 30  0  0 30  0  0  0  1  0 38 30 30  1 40 30 38 40 40  0  0  4  0 38  0 20  0  0 24  0  0 30  0  0  0 38 20 30 40  0  0 40  0  0  0  1  0 30  0  0  0  0 14 30 24 30  0 38  0 30  0  0 24 40  0  0  0 38  0 14  0  0  0 30  7 38  0  0  0 30 30 30  0 40 38 40 30  0 40  0 38 38 40  0  0  0 30 30 11 38  0  0 40  0  0 30  0  0 40 11  0 30 30 30 20
  0  0 31 30  0  0 38 31 14  0  0 31  0  0 31  0  0  0  0  0 30 31 13  0 38  8 30 38 38  0  0 30  0 30  1 30  0  0 30  0  3 31  0  0  0 30 30 13 38  1  0 38  0  0  1 30  0 31  0  0  0  0 30 31 30 31  0 30  0 13  0  0 30 38  0  0  0 30  0 30  0  0  0 19  0 30  5  0 30  0 31  5  0 38 30 38 13  0 38  0 30 30 38  0  0  0 31 31 30 30  0  0 38  0  0 13  0  0 38 30  0 19 14 14 30
  0  0 22 27  0  0 38  9 31  0  0 24  0  0 16  0  0  7  0  0 27 16 31  0 38 31 27 38 38  0  0 30  0 27  0 30  0  0 30  0  0 22  6  0  0 27 30 31 38  0  0 38  1  0  0 30  0 22  1  0  0  0 30 16 30 18  0 27  0 31  0  0 30 38  0  0  0 27  0 30  0  0  0 31  0 27  0  0 30 31  0 31  0 38 27 38 31  0 38  0 27 27 38  0  0 10 24 18 30 27  0  0 38  0  0 31  0  0 38 30  0 31 31 31 30
  0  0 31 30  0  0 38 31 14  0  0 31  0  0 31  0  0  0  0  0 30 31 13  0 38  3 30 38 38  0  0 30  0 30  0 30  0  0 30  0  5 31  0  0  0 30 30 13 38  0  0 38  0  0  0 30  0 31  0  0  0  0 30 31 30 31  0 30  0 13  0  0 30 38  0  0  0 30  0 30  0  0  1 19  0 30  7  1 30  5 31  0  0 38 30 38 13  0 38  0 30 30 38  0  0  0 31 31 30 30  0  0 38  0  0 13  0  0 38 30  0 19 14 14 30
 38 38  0  0 31 30  0  0  0 38 31  0 31 12  0 38 14 27 30 18  0  0  0 38  0  0  1  0  0 31 31  0 27  2 31  0 31 30  0 38 30  0 27 25 31  0  0  0  0 30 27  0 30 27 30  0 38  0 27 27 31 27  0  1  0  0 27  0 31  0 18  8  0  0 31 38 27  0 12  0 25 38 38  0 38  0 30 14  0  0  0  0  0  0  0  0  0 27  0 38  0  8  0 30 14 27  0  0  0  0 30 18  0  4 30  0 31 30  0  0 27  0  0  0  0
  0  0 38 31  0  0 22 38 38  0  0 38  0  0 38  0  0  0  0  0 31 38 38  0 23 38 31 23 24  0  0 40  0 31  0 40  0  0 40  0  0 38  0  0  3 31 40 38 22  0  0  2  0  0  0 40  0 38  0  0  0  0 40 38 40 38  0 31  0 38  0  0 40 11  0  0  0 31  0 40  0  0  0 38  0 31  0  1 40 38 38 38  0  0 31 11 38  0 11  0 31 31 24  0  0  0 38 38 40 31  0  0 24  0  0 38  8  0 10 40  0 38 38 38 40
  0  0 27 20  0  0 31 27 30  0  0 27  0  0 27  0  0  0  0  2 18 27 30  0 31 30 25 31 31  1  0 38  1 20  1 38  0  0 38  0  0 27  0  8  0  8 38 30 31  1  0 31  0  0  1 38  0 27  0  0  0  0 38 27 38 27  0  9  0 30  0  0 38 31  0  0  0 11  0 38  8  0  0 30  0 18  0  0 38 30 27 30  0 31  0 31 30  0 31  0 11 25 31  0  3  0 27 27 38 20  0  0 31  0  0 30  0  0 31 38  0 30 30 30 38
  0  0 38 31  3  0 19 38 38  0 10 38  0  0 38  0  1  0  0  0 31 38 38  0 21 38 31 21 22  0  0 40  0 31  0 40  0  0 40  0  0 38  0  0  0 31 40 38 19  0  0 11  0  0  0 40  0 38  0  0  1  0 40 38 40 38  0 31  0 38  1  0 40  9  0  0  0 31  0 40  0  0  0 38  0 31  0  0 40 38 38 38  0 11 31  0 38  0  6  0 31 31 22  0  0  0 38 38 40 31  0  0 22  1  0 38  0  0 11 40  0 38 38 38 40
  0  0 31 30  0  0 38 31 24  0  0 31  0  0 31  0  0  0  0  1 30 31 24  0 38 13 30 38 38  0  0 30  0 30  0 30  0  0 30  0  0 31  0  0  0 30 30 24 38  1  0 38 10  0  0 30  0 31  0  0  0  0 30 31 30 31  0 30  0  4  0  0 30 38  0  1  0 30  0 30  0  0  0 13  0 30  0  0 30 13 31 13  0 38 30 38  0  0 38  0 30 30 38  0  0  0 31 31 30 30  0  0 38  0  0 10  0  6 38 30  0 13 24 24 30
 30 30  0  0 38 31  0  0  0 30 38  3 38 27  0 30 27 24 31 27  0  0  0 30  0  0  0  0  0 38 38  0  9  0 38  0 38 31  0 30 31  0 24 27 38  0  0  0  0 31 17  0 31 17 31  0 30  0 19 19 38  8  0  0  0  0 23  0 38  0 27 27  0  0 38 30 23  0 27  0 27 30 30  0 30  0 31 27  0  0  0  0 27  0  0  0  0  0  0 30  0  0  0 31 27 24  2  0  0  0 31 27  0 27 31  0 38 31  0  0 23  0  0  0  2
  0  0 38 31  9  0 19 38 38  0  5 38  1  0 38  0  0  0  0  0 31 38 38  0 21 38 31 21 22  0  0 40  0 31  0 40  0  0 40  0  0 38  0  0  0 31 40 38 19  0  0 11  0  0  0 40  0 38  0  0  0  0 40 38 40 38  0 31  2 38  0  0 40  1  0  0  0 31  0 40  0  0  0 38  0 31  0  0 40 38 38 38  0 11 31  6 38  0  0  0 31 31 22  0  0  0 38 38 40 31  0  0 22  0  0 38  0  0 11 40  0 38 38 38 40
 14 24  0  0 40 30  1  0  0 20 40  0 40 38  0  6 38 30 30 38  0  0  0 22  0  0  0  0  0 40 40  0 30  0 40  0 40 30  8 22 30  0 30 38 40  0  0  0  0 30 30  0 30 30 30  0 14  0 30 30 40 30  0  0  1  0 30  0 40  0 38 38  2  0 40 22 30  0 38  1 38 20 14  0 24  0 30 38  0  0  0  0 38  0  0  0  0 30  0  0  0  0  0 30 38 30  0  0  2  0 30 38  0 38 30  0 40 30  0  0 30  0  0  0  0
  0  0 27 22  0  0 31 27 30  0  0 27  0  0 27  0  0  0  0  4 11 27 30  0 31 30 18 31 31  0  0 38  0 22  0 38  0  0 38  0  0 27  0  0  0 11 38 30 31  0  1 31  1  0  0 38  0 27  2  0  0  0 38 27 38 27  0 11  0 30 10  0 38 31  0  0  0  8  0 38  1  0  0 30  0 11  1  0 38 30 27 30  0 31 11 31 30  0 31  0  0 18 31  0  0  0 27 27 38 22  0  2 31  0  0 30  1  0 31 38  0 30 30 30 38
  0  0 27 12  0  0 31 27 30  0  1 27  0  0 27  0  0  0  0  0 14 27 30  0 31 30  9 31 31  0  0 38  0 12  0 38  0  0 38  0  0 27  0  0  0 25 38 30 31  0  0 31  1  0  0 38  0 27  0  0  0  0 38 27 38 27  0 25  0 30  0  2 38 31  1  0  0 18  0 38  0  0  0 30  0 14  0  0 38 30 27 30  8 31 25 31 30  0 31  0 18  0 31  0  0  0 27 27 38 12  0  0 31  3  0 30  0  0 31 38  0 30 30 30 38
  0  0 38 31  0  0 25 38 38  0  0 38  0  0 38  0  0  0  0  0 31 38 38  0 11 38 31 11  6  0  0 40  0 31  1 40  5  0 40  0  0 38  0  0  0 31 40 38 25  0  0 24  0  0  0 40  0 38  0  0  0  0 40 38 40 38  0 31  0 38  0  0 40 22  7  0  0 31  0 40  0  0  0 38  0 31  0  0 40 38 38 38  0 24 31 22 38  0 22  0 31 31  0  0  0  0 38 38 40 31  0  0 10  0  0 38  0  0 24 40  0 38 38 38 40
 30 30  0  0 38 11  0  0  0 30 38  0 38 30  0 30 30 31 19 30  0  0  0 30  0  0  0  0  0 38 38  0 31  0 38  0 38  8  0 30 19  0 31 30 38  0  0  0  0  1 31  0 13 31 19  0 30  0 31 31 38 31  0  0  0  0 31  0 38  0 30 30  0  0 38 30 31  0 30  0 30 30 30  2 30  0 19 30  0  0  0  0 30  0  0  0  0 31  0 30  0  0  0  0 30 31  0  0  0  1 11 30  0 30 19  1 38 13  0  0 31  4  1  0  0
 38 38  0  0 31 30  0  0  0 38 31  0 31 13  0 38  3 27 30 11  8  0  0 38  0  0  0  0  0 31 31  0 27  0 31  0 31 30  0 38 30  1 27 18 31  0  0  0  0 30 27  0 30 27 30  0 38  0 27 27 31 27  0  0  0  0 27  0 31  0 11 14  0  0 31 38 27  0 13  0 18 38 38  0 38  9 30  6  0  0  0  0 14  0  3  0  0 27  0 38  0  0  0 30  0 27  0  0  0  0 30 11  0 14 30  0 31 30  2  0 27  0  0  0  0
 30 30  0  0 38 31  0  7  0 30 38  0 38 27  0 30 27  9 31 27  0  0  0 30  0  0  0  0  0 38 38  0 24  0 38  0 38 31  0 30 31  0  6 27 38  0  0  0  0 31 16  0 31 16 31  0 30  0 22 22 38 24  0  1  0  0 18  0 38  0 27 27  0  0 38 30 18  0 27  0 27 30 30  0 30  0 31 27  0  0 10  0 27  0  0  0  0 24  0 30  0  0  0 31 27  0  0  0  0  0 31 27  0 27 31  0 38 31  0  0 18  0  0  0  0
  0  0 19 27  0  0 38 24 31  0  0  5  0  0 17  0  0  0  0  0 27 17 31  0 38 31 27 38 38  0  0 30  3 27  0 30  0  0 30  0  0 19  0  0  0 27 30 31 38  0  0 38  0  2  0 30  0 19  0  0  0  2 30 17 30 23  0 27  0 31  0  0 30 38  0  0  0 27  0 30  0  0  0 31  0 27  0  0 30 31 24 31  0 38 27 38 31  2 38  0 27 27 38  0  0  0  0 23 30 27  0  0 38  0  0 31  0  0 38 30  0 31 31 31 30
  0  0 17 27  0  0 38 18 31  0  0 23  0  0 14  1  0  0  0  0 27 14 31  0 38 31 27 38 38  0  0 30  0 27  0 30  0  0 30  0  0 17  0  0  0 27 30 31 38  0  0 38  0  1  0 30  0 17  0  2  0  0 30 14 30  5  8 27  0 31  0  0 30 38  0  0  8 27  0 30  0  0  0 31  0 27  0  0 30 31 18 31  0 38 27 38 31  0 38  0 27 27 38  0  0  0 23  0 30 27  1  0 38  0  0 31  0  0 38 30  7 31 31 31 30
  3  3 30 38  0  0 40 30 30  0  0 30  0  0 30  0  0  0  0  0 38 30 30  0 40 30 38 40 40  0  0 11  0 38  0 11  0  0 14  0  0 30  0  0  0 38 11 30 40  0  0 40  0  0  0 11  3 30  0  0  0  0 18 30 14 30  0 38  0 30  0  0 14 40  0  0  0 38  0 18  0  1  9 30  0 38  0  0 11 30 30 30  0 40 38 40 30  0 40  2 38 38 40  0  0  0 30 30  0 38  0  0 40  0  0 30  1  0 40  9  0 30 30 30 11
  0  0 27  8  0  0 31 27 30  0  0 27  1  2 27  0  0  0  0  0 13 27 30  0 31 30 12 31 31  0  0 38  0  2  0 38  0  0 38  0  0 27  0  0  0 20 38 30 31  0  0 31  0  0  0 38  0 27  0  0  0  1 38 27 38 27  0 20  1 30  0  0 38 31  0  0  0 22  7 38  0  0  0 30  0 13  0  1 38 30 27 30  0 31 20 31 30  0 31  0 22 12 31  1  0  0 27 27 38  0  0  2 31  0  0 30  0  0 31 38  0 30 30 30 38
 30 30  0  0 38  8  0  1  3 30 38  0 38 30  0 30 30 31 11 30  0  0  0 30  0  0  1  0  0 38 38  0 31  0 38  0 38 11  0 30 14  0 31 30 38  0  0  0  0 11 31  0 24 31 11  0 30  0 31 31 38 31  1  0  0  0 31  0 38  0 30 30  0  0 38 30 31  1 30  0 30 30 30  1 30  0 14 30  0  0  0  0 30  0  0  0  0 31  0 30  0  0  0 11 30 31  0  1  0  0  0 30  0 30 11  0 38 24  0  0 31  0  9  2  0
 38 38  0  0 31 30  0  0  0 38 31  0 31 22  0 38 11 27 30  8  0  0  0 38  0  0  0  0  0 31 31  0 27  0 31  0 31 30  0 38 30  0 27 11 31  3  0  0  0 30 27  0 30 27 30  0 38  0 27 27 31 27  0  0  0  0 27  0 31  0  2 18  0  0 31 38 27 10 22  0 11 38 38  0 38  0 30 11  0  0  0  0 18  0  0  0  0 27  0 38  2  0  0 30 11 27  0  0  0  2 30  0  0 18 30  0 31 30  0  0 27  0  0  0  0
  0  0 38 31  0  0 25 38 38  0  0 38  0  0 38  0  0  0  0  0 31 38 38  0 11 38 31 11  1  0  1 40  0 31  0 40  8  0 40  0  0 38  0  0  0 31 40 38 25  0  0 24  0  0  0 40  0 38  0  0  0  0 40 38 40 38  0 31  0 38  0  0 40 22  9  0  0 31  0 40  0  0  0 38  0 31  0  0 40 38 38 38  0 24 31 22 38  0 22  0 31 31 10  0  0  0 38 38 40 31  0  0  0  0  0 38  0  0 24 40  0 38 38 38 40
 38 38  0  1 31 30  0  0  0 38 31  0 31 12  0 38 14 27 30 18  0  1  0 38  0  0 10  0  0 31 31  0 27  0 31  0 31 30  0 38 30  0 27 25 31  0  0  0  0 30 27  0 30 27 30  0 38  0 27 27 31 27  0  0  0  0 27  0 31  0 18  4  0  0 31 38 27  0 12  0 25 38 38  0 38  0 30 14  0  0  0  0  4  0  0  1  0 27  0 38  0  3  0 30 14 27  0  0  0  0 30 18  0  0 30  0 31 30  0  0 27  0  0  0  0
 30 30  0  0 38 11  0  0  0 30 38  0 38 30  1 30 30 31  4 30  0  0  4 30  0  0  0  0  0 38 38  0 31  0 38  0 38 19  0 30 13  0 31 30 38  0  0  7  0 19 31  0 24 31 10  0 30  0 31 31 38 31  0  0  0  0 31  0 38  0 30 30  0  0 38 30 31  0 30  0 30 30 30  0 30  0 13 30  0  0  0  0 30  0  0  0  0 31  0 30  0  0  0 19 30 31  0  0  0  0 11 30  0 30  0  0 38 24  0  0 31  0  1  0  0
  0  0 31 30  0  0 38 31 24  0  0 31  0  0 31  0  0  0  0  0 30 31 24  0 38 13 30 38 38  0  0 30  0 30  0 30  0  0 30  0  0 31  0  0  0 30 30 24 38  0  0 38  2  0  0 30  0 31  0  0  0  0 30 31 30 31  0 30  0  2  0  1 30 38  0  0  0 30  0 30  0  0  0 13  0 30  0  0 30 13 31 13  0 38 30 38 10  0 38  0 30 30 38  1  0  0 31 31 30 30  0  0 38  0  0  0  0  1 38 30  0 13 24 24 30
 40 40  0  0 11 38  0  0  0 40 11  0 23 31  0 40 31 38 38 31  0  0  0 40  2  0  0  0  0 23 23  0 38  0 22  0 24 38  0 40 38  0 38 31  9  0  0  0  0 38 38  5 38 38 38  0 40  0 38 38 22 38  0  0  0  0 38  0 22  0 31 31  0  0 24 40 38  0 31  0 31 40 40  0 40  1 38 31  0  0  0  0 31  8  0  0  0 38  0 40  1  0  0 38 31 38  0  0  1  0 38 31  0 31 38  0  0 38  1  0 38  0  0  0  0
 30 30  0  0 38 24  0  0  0 30 38  0 38 30  0 30 30 31 24 30  0  0  1 30  0  0  0  0  0 38 38  0 31  0 38  0 38 13  0 30 13  0 31 30 38  0  0  0  0 13 31  0  2 31 24  0 30  0 31 31 38 31  0  0  0  0 31  0 38  3 30 30  0  0 38 30 31  0 30  0 30 30 30  2 30  0 13 30  0  0  0  0 30  0  0  0  6 31  0 30  0  0  0 13 30 31  0  0  0  0 24 30  0 30 24  1 38  0  0  0 31  0  0  0  0
  0  0 38 31  0  0 22 38 38  0  0 38  0  0 38  0  0  0  0  0 31 38 38  0 23 38 31 23 24  2  0 40  0 31  0 40  0  0 40  0  0 38  0  0  4 31 40 38 22  0  0  6  0  0  1 40  0 38  0  0  0  0 40 38 40 38  0 31  0 38  0  0 40 11  0  1  0 31  0 40  0  0  0 38  0 31  0  0 40 38 38 38  0 10 31 11 38  0 11  0 31 31 24  0  2  0 38 38 40 31  0  0 24  0  0 38  1  0  0 40  0 38 38 38 40
  5  0 30 38  0  0 40 30 30  1  0 30  0  0 30  0  0  0  0  0 38 30 30  0 40 30 38 40 40  0  0 11  0 38  0 11  0  0 14  0  1 30  0  0  0 38 11 30 40  0  0 40  0  1  0 11  8 30  0  0  0  0 18 30 14 30  0 38  0 30  0  0 14 40  0  0  0 38  0 18  0  0  2 30  2 38  0  0 11 30 30 30  0 40 38 40 30  0 40  0 38 38 40  0  0  0 30 30  9 38  0  0 40  0  0 30  0  0 40  0  0 30 30 30 11
 30 30  0  0 38 31  0  0  0 30 38  0 38 27  0 30 27 18 31 27  0  0  0 30  0  0  0  0  0 38 38  0 23  0 38  0 38 31  0 30 31  0 18 27 38  0  2  0  0 31 14  0 31 14 31  0 30  0 17 17 38 23  0  0  0  1  9  0 38  0 27 27  0  0 38 30  6  0 27  0 27 30 30  0 30  0 31 27  0  0  0  0 27  0  0  0  0 23  0 30  0  0  0 31 27 18  0  7  0  0 31 27  0 27 31  0 38 31  0  0  0  0  0  0  0
  0  0 31 30  0  1 38 31 11  0  0 31  0  0 31  0  0  0  0  0 30 31 19  0 38 19 30 38 38  0  0 30  0 30  0 30  0  9 30  0  0 31  0  0  0 30 30 19 38  9  0 38  3  0  0 30  0 31  0  0  0  0 30 31 30 31  0 30  0 13  0  0 30 38  0  0  0 30  0 30  0  0  0  3  0 30  0  0 30 19 31 19  0 38 30 38 13  0 38  0 30 30 38  4  0  0 31 31 30 30  0  0 38  0  0 13  0  0 38 30  0  0 11 11 30
  0  0 31 30  0 10 38 31  4  0  0 31  0  0 31  0  0  0  0  0 30 31 11  0 38 14 30 38 38  0  0 30  0 30  0 30  0  0 30  2  0 31  0  0  0 30 30 11 38  0  0 38  0  0  0 30  0 31  0  0  0  1 30 31 30 31  0 30  0 24  0  1 30 38  0  0  0 30  0 30  0  0  0 11  0 30  0  0 30 14 31 14  0 38 30 38 24  0 38  0 30 30 38  1  0  0 31 31 30 30  9  0 38  0  1 24  0  0 38 30  0 11  0 10 30
  0  0 31 30  0  8 38 31  3  0  0 31  0  0 31  0  0  0  0  0 30 31 11  0 38 14 30 38 38  0  0 30  0 30  0 30  0  0 30  0  0 31  0  0  0 30 30 11 38  3  0 38  0  0  2 30  0 31  0  0  0  0 30 31 30 31  0 30  0 24  0  0 30 38  0  1  0 30  0 30  0  0  0 11  0 30  0  0 30 14 31 14  0 38 30 38 24  0 38  0 30 30 38  0  0  0 31 31 30 30  2  0 38  0  0 24  0  0 38 30  0 11 10  0 30
  3  0 30 38  0  0 40 30 30  4  0 30  0  0 30  0  0  0  1  0 38 30 30  2 40 30 38 40 40  0  0 20  0 38  0  2  0  0 20  0  0 30  0  0  0 38  1 30 40  0  0 40  0  0  0 20  0 30  0  0  1  0 13 30 20 30  0 38  0 30  0  0 20 40  0  0  0 38  0 13  0  1  0 30  0 38  0  0 20 30 30 30  0 40 38 40 30  2 40  0 38 38 40  0  0  0 30 30 11 38  0  0 40  0  0 30  0  0 40 11  0 30 30 30  0
