        125

  0  0  0  0 21  2 38 21 34  0 34  0  0  0  0 22  0  0 38  0  0  0 38 34  6 38  0  0  0  0 34  0  0  6  0  0  0 39  0  0 39  0 34  0 34 38 21  0 38 34  0 34  0  0 34 39  0 34  0  0  0 34  0 34 22  0  0  0  1 39 17  0  0 22  0 39 34 34  0 34  1 34  0 34 39  0  5 39 39  0 34  0 38  0  0 21 17 38 34 34 38  0 34 39 38  0 38  0 38  0  0 34 21 21 39 34 39  0 39  0  0  0 34  0 38
  0  0  0  0 24  0 38 16 34  0 34  0  1  0  0  1  0  0 38  0  0  0 38 34  0 38  0  0  0  2 34  0  0 22  0  0  0 39  0  6 39  0 34  0 34 38 16  0 38 34  0 34  0  0 34 39  0 34  0  0  0 34  0 34  5  0  0  0  0 39 14  0  0  9  0 39 34 34  0 34  0 34  0 34 39  0 22 39 39  0 34  0 38  0  2 24 14 38 34 34 38  0 34 39 38  0 38  0 38  0  0 34 16 24 39 34 39  0 39  0  0  0 34  0 38
  0  0  0  0 25  0 38  4 34  0 34  0  0  0  0 16  0  0 38  0  0  0 38 34  0 38  0  0  0  3 34  0  0 21  0  0  0 39  0  0 39  0 34  2 34 38  4  0 38 34  0 34  0  0 34 39  0 34  0  0  0 34  0 34 16  0  0  0  0 39 24  0  0 16  0 39 34 34  0 34  0 34  0 34 39  0 21 39 39  0 34  0 38  0  0 25 24 38 34 34 38  0 34 39 38  0 38  0 38  0  0 34  6 25 39 34 39  0 39  0  0  0 34  0 38
  0  0  0  0 38  0 15 38 35  0 35  0  0  0  0 38  0  0 15  0  0  0  2 34  0 23  9  0  0  0 35  0  0 38  0  0  0 41  0  0 41  0 34  0 35 15 38  1 15 35  0 35  0  0 35 41  0 34  0  0  0 34  0 35 38  0  0  0  0 41 38  0  0 38  0 41 35 34  0 34  0 34  0 34 41  0 38 41 41  0 35  0 23  0  2 38 38 15 34 34  7  0 34 41 24  0 15  0 24  0  0 34 38 38 41 35 41  2 41  0  0  0 35  0  1
 21 24 25 38  0 21  0  0  0 34  0 34  8 34 39  0 11 38  0 39 34 34  0  0 21  0 38 39 34 25  0 39 39  0 34 34 38  1 39 24  0 34  0 38  0  0  0 39  1  0 34  0 34 34  1  0 38  0 34 38 39  0 34  0  0 34 38 34 39  0  0 34 34  0 34  0  0  0 34  0 11  0 39  0  0  3  0  0  0 34  0 38  0 39 38  7  0  0  0  0  0 11  0  0  0 34  0 34  0 34 39  0  0  9  0  0  0 38  0 39 38 34  0 34  0
  2  0  0  0 21  0 38 21 34  0 34  0  0  0  0 22  0  0 38  0  0  0 38 34  3 38  0  1  0  0 34  0  0  5  0  0  0 39  0  0 39  0 34  0 34 38 21  0 38 34  0 34  0  0 34 39  0 34  0  0  0 34  0 34 22  0  0  0  0 39 17  0  0 22  0 39 34 34  0 34  0 34  0 34 39  0  6 39 39  0 34  0 38  0  0 21 17 38 34 34 38  0 34 39 38  0 38  0 38  0  0 34 21 21 39 34 39  0 39  0  0  0 34  0 38
 38 38 38 15  0 38  0  0  0 35  0 34 38 34 41  1 38 22  1 41 34 34  0  0 38  0 15 41 34 38  0 41 41  0 35 34 22  0 41 38  0 35  0  3  0  0  0 41  0  0 35  0 34 35  0  0 22  0 35 15 41  0 34  0  0 35 15 35 41  0  0 34 34  0 34  0  0  0 34  0 38  0 41  0  0 38  0  0  0 35  0 15  0 41 15  0  0  5  0  0  0 38  0  0  0 34 10 35  0 35 41  0  0  0  0  0  0  2  0 41 15 35  0 35  4
 21 16  4 38  0 21  0  0  0 34  0 34 25 34 39  2 24 38  0 39 34 34  0  0 21  0 38 39 34  1  0 39 39  0 34 34 38  0 39 16  0 34  0 38  0  0  5 39  0  0 34  0 34 34  0  0 38  0 34 38 39  0 34  0  0 34 38 34 39  0  0 34 34  0 34  0  0  0 34  0 24  0 39  0  0 25  0  0  0 34  0 38  0 39 38  0  0  0  0  0  0 24  0  0  0 34  0 34  0 34 39  0  6  0  0  0  0 38  0 39 38 34  0 34  0
 34 34 34 35  0 34  0  0  0  1  0 26 34 26 35  0 34 35  0 35 26 26  0  0 34  0 35 35 26 34  0 35 35  0 25 26 35  0 35 34  0  9  0 35  0  0  0 35  0  0 25  2 26 21  0  0 35  0 11 35 35  0 26  1  0 25 35 21 35  0  1 26 26  0 26  0  0  0 26  0 34  0 35  0  0 34  0  0  0 25  0 35  0 35 35  0  0  0  0  0  0 34  0  0  0 26  0 25  0  8 35  0  0  0  0  0  0 35  0 35 35 11  5 21  0
  0  0  0  0 34  0 35 34  1  0 11  1  0  0  0 34  0  0 35  0  0  0 35 26  0 35  0  0  0  0 11  0  0 34  0  0  0 35  0  0 35  7 26  0 11 35 34  0 35 25  0 25  0  0 25 35  0 26  0  0  0 26  0 21 34  0  0  0  0 35 34  0  0 34  0 35 25 26  0 26  0 26  0 26 35  0 34 35 35  0 25  0 35  0  0 34 34 35 26 26 35  0 26 35 35  0 35  0 35  8  0 26 34 34 35 21 35  0 35  0  0  0  7  0 35
 34 34 34 35  0 34  0  0  0 11  0 26 34 26 35  0 34 35  0 35 26 26  0  0 34  0 35 35 26 34  4 35 35  0 18 26 35  0 35 34  0 11  0 35  8  0  0 35  0  0 18  0 26 21  0  0 35  0  9 35 35  1 26  0  0 20 35 21 35  0  0 26 26  0 26  0  0  0 26  0 34  0 35  0  0 34  0  0  0 20  2 35  0 35 35  0  0  0  0  0  0 34  0  0  0 26  0 18  0 11 35  0  0  0  0  0  0 35  0 35 35  2  0 21  0
  0  0  0  0 34  0 34 34 26  1 26  0  0  0  0 34  0  0 34  0  4  0 34 11  0 34  0  0  0  0 26  0  0 34  0  0  0 36  0  0 36  0 11  0 26 34 34  0 34 26  1 26 10  0 26 36  0 16  0  0  0 11  0 26 34  0  0  0  0 36 34  1  3 34  0 36 26 16  0 23  0  2  0 11 36  0 34 36 36  0 26  0 34  0  0 34 34 34 23 11 34  0 11 36 34  0 34  0 34  0  0  1 34 34 36 26 36  0 36  0  0  0 26  0 34
  0  1  0  0  8  0 38 25 34  0 34  0  0  0  0 24  0  0 38  0  0  0 38 34  0 38  0  0  0  1 34  0  0 21  0  0  0 39  0  0 39  0 34  0 34 38 25  0 38 34  0 34  0  0 34 39  0 34  0  0  0 34  0 34 24  1  0  0  0 39 11  0  0 24  0 39 34 34  0 34  0 34  0 34 39  7 21 39 39  0 34  0 38  0  0  8 11 38 34 34 38  0 34 39 38  0 38  0 38  0  0 34 25  8 39 34 39  0 39  0  0  0 34  0 38
  0  0  0  0 34  0 34 34 26  0 26  0  0  0  0 34  0  0 34  0  0  6 34 24  0 34  0  0  0  0 26  0  0 34  0  0  0 36  0  0 36  0  3  0 26 34 34  0 34 26  0 26  0  0 26 36  0 17  0  0  0  8  0 26 34  0  0  0  0 36 34  0  0 34  0 36 26 17  0 11  0 11  0 24 36  0 34 36 36  2 26  0 34  0  0 34 34 34 11 24 34  0  7 36 34  0 34  0 34  0  0 11 34 34 36 26 36  0 36  0  0  3 26  0 34
  0  0  0  0 39  0 41 39 35  0 35  0  0  0  0 39  0  0 41  0  0  0 41 36  0 41  0  0  0  0 35  0  2 39  0  0  0 11  0  0 17  0 36  0 35 41 39  0 41 35  0 35  0  0 35 19  0 36  0  0  0 36  0 35 39  0  0  0  0 14 39  0  0 39  0  7 35 36  0 36  0 36  3 36 11  0 39 17 11  0 35  0 41  0  0 39 39 41 36 36 41  0 36 19 41  1 41  0 41  0  9 36 39 39 14 35 17  0  5  0  0  0 35  0 41
 22  1 16 38  0 22  1  2  0 34  0 34 24 34 39  0 14 38  1 39 34 34  0  0 22  0 38 39 34 16  0 39 39  0 34 34 38  0 39  3  0 34  0 38  0  0  0 39  0  0 34  0 34 34  0  0 38  0 34 38 39  0 34  0  8 34 38 34 39  0  0 34 34  8 34  0  0  0 34  0 14  0 39  0  0 24  0  0  0 34  0 38  0 39 38  0  0  0  0  0  0 14  0  0  0 34  0 34  0 34 39  0  0  0  0  0  0 38  0 39 38 34  0 34  0
  0  0  0  0 11  0 38 24 34  0 34  0  0  0  0 14  0  0 38  0  0  0 38 34  2 38  0  0  0  0 34  0  0 17  0  0  0 39  0  0 39  0 34  0 34 38 24  0 38 34  0 34  1  0 34 39  0 34  0  0  0 34  1 34 14  0  0  0  0 39  9  0  0 14  0 39 34 34  0 34  5 34  0 34 39  0 17 39 39  0 34  0 38  0  0 11  6 38 34 34 38 10 34 39 38  0 38  0 38  0  0 34 24 11 39 34 39  0 39  0  0  0 34  0 38
  0  0  0  0 38  0 22 38 35  0 35  0  0  0  0 38  0  0 23  0  0  0 24 34  0 11  0  0  0  0 35  0  0 38  0  0  9 41  0  0 41  0 34  0 35 23 38  0 23 35  0 35  0  0 35 41  1 34  0  0  0 34  0 35 38  0  0  0  0 41 38  0  0 38  0 41 35 34  0 34  0 34  0 34 41  0 38 41 41  0 35  0 11  0  0 38 38 22 34 34 24  0 34 41  4  0 22  0  4  0  0 34 38 38 41 35 41  0 41  0  0  0 35  0 24
 38 38 38 15  0 38  1  0  0 35  0 34 38 34 41  1 38 23  0 41 34 34  0  0 38  0 15 41 34 38  0 41 41  0 35 34 23  0 41 38  0 35  0 15  0  5  0 41  4  0 35  0 34 35  0  0 23  0 35 25 41  0 34  0  0 35  2 35 41  0  0 34 34  0 34  0  0  0 34  0 38  0 41  0  0 38  0  0  0 35  0 25  0 41  8  1  0  0  0  0  0 38  0  0  0 34  0 35  0 35 41  0  0  0  0  0  0 15  0 41 25 35  0 35  1
  0  0  0  0 39  0 41 39 35  0 35  0  0  0  0 39  0  0 41  0  1  0 41 36  0 41  0  1  0  0 35  0  2 39  0  0  0 13  0  0 23  0 36  0 35 41 39  0 41 35  0 35  0  0 35 24  0 36  0  0  0 36  0 35 39  0  0  0  5  1 39  0  0 39  1 14 35 36  0 36  0 36  2 36 13  0 39 23 13  0 35  0 41  0  0 39 39 41 36 36 41  1 36 24 41  0 41  1 41  0  0 36 39 39  7 35 23  0 14  0  0  0 35  0 41
  0  0  0  0 34  0 34 34 26  0 26  4  0  0  0 34  0  0 34  1  0  0 34 11  0 34  0  0  1  0 26  0  0 34  0  0  0 36  0  0 36  0 11  0 26 34 34  0 34 26  0 26  3  0 26 36  0 16  0  0  0 11  0 26 34  0  0  0  0 36 34  0  0 34  0 36 26 16  0 23  0  1  0 11 36  0 34 36 36  0 26  0 34  0  0 34 34 34 23 11 34  0 11 36 34  0 34  0 34  0  0  2 34 34 36 26 36  0 36  0  0  0 26  0 34
  0  0  0  0 34  0 34 34 26  0 26  0  0  6  0 34  0  0 34  0  0  0 34 24  0 34  0  0  0  0 26  0  0 34  0  0  0 36  0  0 36  0  1  0 26 34 34  0 34 26  0 26  0  0 26 36  0 17  0  0  0  5  0 26 34  0  0  0  0 36 34  0  0 34  0 36 26 17  0 11  0 11  0 24 36  0 34 36 36  0 26  0 34  0  0 34 34 34 11 24 34  0  3 36 34  0 34  0 34  0  0 11 34 34 36 26 36  0 36  0  0  0 26  0 34
 38 38 38  2  0 38  0  0  0 35  0 34 38 34 41  0 38 24  0 41 34 34  0  1 38  0  7 41 34 38  0 41 41  0 35 34 24  0 41 38  0 35  0 15  0  0  0 41  2  0 35  0 34 35  1  0 24  0 35 23 41  0 34  0  0 35 15 35 41  0  0 34 34  0 34  0  0  0 34  0 38  0 41  0  0 38  0  0  0 35  0 23  0 41 15  0  0  1  0  0  6 38  0  0  0 34  0 35  0 35 41  0  0  0  0  0  0 15  0 41 23 35  0 35  8
 34 34 34 34  0 34  0  0  0 26  0 11 34 24 36  0 34 34  0 36 11 24  1  0 34  0 34 36 16 34  0 36 36  0 26 10 34  0 36 34  0 26  1 34  1  0  0 36  1  0 26  0 11 26  1  0 34  0 26 34 36  0 13  0  0 26 34 26 36  0  0 16 13  0 13  0  0  0  3  0 34  0 36  3  0 34  0  0  0 26  0 34  0 36 34  0  0  0  0  1  0 34  0  0  0 16  0 26  0 26 36  0  0  0  0  0  0 34  0 36 34 26  0 26  0
  6  0  0  0 21  3 38 21 34  0 34  0  0  0  0 22  2  0 38  0  0  0 38 34  0 38  0  0  0  0 34  0  0  1  0  0  0 39  0  0 39  0 34  0 34 38 21  0 38 34  0 34  0  0 34 39  0 34  0  0  0 34  0 34 22  0  0  0  0 39 17  0  0 22  0 39 34 34  0 34  0 34  1 34 39  0 10 39 39  0 34  0 38  0  0 21 17 38 34 34 38  0 34 39 38  0 38  0 38  0  0 34 21 21 39 34 39  0 39  0  0  0 34  0 38
 38 38 38 23  0 38  0  0  0 35  0 34 38 34 41  0 38 11  0 41 34 34  0  0 38  0 23 41 34 38  0 41 41  0 35 34 11  0 41 38  0 35  0 15  0  0  0 41  0  0 35  0 34 35  0  0 11  0 35  4 41  0 34  0  0 35 25 35 41  0  0 34 34  0 34  0  0  0 34  0 38  0 41  0  0 38  0  0  0 35  0  5  2 41 25  0  0  0  0  0  0 38  0  0  0 34  0 35  2 35 41  0  0  0  0  0  0 15  0 41  2 35  0 35  0
  0  0  0  9 38  0 15 38 35  0 35  0  0  0  0 38  0  0 15  0  0  0  7 34  0 23  0  0  0  0 35  0  0 38  0  0  0 41  0  0 41  0 34  0 35 15 38  0 15 35  0 35  0  0 35 41  0 34  0  0  0 34  0 35 38  0  1  0  0 41 38  0  0 38  0 41 35 34  0 34  0 34  0 34 41  0 38 41 41  1 35  0 23  0  0 38 38 15 34 34  1  0 34 41 24  0 15  0 24  0  0 34 38 38 41 35 41  0 41  0  0  0 35  0  5
  0  0  0  0 39  1 41 39 35  0 35  0  0  0  0 39  0  0 41  1  0  0 41 36  0 41  0  0  0  0 35  0  0 39  0  0  0 25  0  0 24  0 36  0 35 41 39  0 41 35  0 35  0  1 35  5  0 36  0  0  0 36  0 35 39  0  0  0  0 24 39  0  0 39  0 19 35 36  0 36  0 36  0 36 25  0 39 24 25  0 35  1 41  5  0 39 39 41 36 36 41  0 36  3 41  0 41  1 41  0  0 36 39 39 24 35 24  0 19  6  0  0 35  0 41
  0  0  0  0 34  0 34 34 26  0 26  0  0  0  0 34  0  0 34  0  1  0 34 16  0 34  0  0  0  0 26  0  0 34  0  0  0 36  0  0 36  0 11  0 26 34 34  0 34 26  0 26  0  1 26 36  0 19  0  0  0 11  0 26 34  0  0  0  0 36 34  7  0 34  0 36 26 19  0  2  0 23  0 16 36  0 34 36 36  0 26  0 34  0  0 34 34 34  1 16 34  0 11 36 34 10 34  1 34  0  0 23 34 34 36 26 36  0 36  0  0  0 26  0 34
  0  2  3  0 25  0 38  1 34  0 34  0  1  0  0 16  0  0 38  0  0  0 38 34  0 38  0  0  0  0 34  0  0 21  0  1  0 39  0  0 39  0 34  0 34 38 10  0 38 34  0 34  0  0 34 39  0 34  0  0  0 34  0 34 16  0  0  0  0 39 24  0  0 16  0 39 34 34  0 34  0 34  0 34 39  0 21 39 39  0 34  0 38  0  1 25 24 38 34 34 38  0 34 39 38  0 38  0 38  0  0 34  5 25 39 34 39  1 39  0  0  0 34  0 38
 34 34 34 35  0 34  0  0  0 11  4 26 34 26 35  0 34 35  0 35 26 26  0  0 34  0 35 35 26 34  0 35 35  0 18 26 35  0 35 34  0 11  0 35 10  0  1 35  0  3 18  0 26 21  0  0 35  0  9 35 35  0 26  0  0 20 35 21 35  0  0 26 26  0 26  0  0  0 26  0 34  0 35  0  0 34  0  0  0 20  0 35  0 35 35  0  0  0  0  0  0 34  1  0  0 26  0 18  0 11 35  0  0  0  0  0  0 35  0 35 35  3  0 21  0
  0  0  0  0 39  0 41 39 35  0 35  0  0  0  0 39  0  0 41  0  0  0 41 36  0 41  0  0  0  0 35  0  0 39  0  0  0  7  0  0 24  0 36  0 35 41 39  4 41 35  0 35  0  0 35 25  0 36  0  0  3 36  0 35 39  0  0  0  0 13 39  0  0 39  0 11 35 36  0 36  0 36  0 36  2  0 39 24  8  0 35  0 41  0  0 39 39 41 36 36 41  0 36 25 41  0 41  0 41  0  0 36 39 39 13 35 24  0 11  0  0  0 35  0 41
  0  0  0  0 39  0 41 39 35  0 35  0  0  0  2 39  0  0 41  2  0  0 41 36  0 41  0  0  0  0 35  0  0 39  0  0  0 11  0  0 17  0 36  0 35 41 39  0 41 35  0 35  0  0 35 19  0 36  0  0  0 36  0 35 39  0  0  0  0 14 39  0  0 39  0 10 35 36  0 36  0 36  0 36 11  0 39 17 11  0 35  1 41  0  0 39 39 41 36 36 41  0 36 19 41  0 41  0 41  0  2 36 39 39 14 35 17  0  5  0  0  0 35  0 41
  6 22 21 38  0  5  0  0  0 34  0 34 21 34 39  0 17 38  0 39 34 34  0  0  1  0 38 39 34 21  0 39 39  0 34 34 38  0 39 22  0 34  0 38  0  0  0 39  0  0 34  0 34 34  0  0 38  0 34 38 39  0 34  0  0 34 38 34 39  0  0 34 34  0 34  0  1  0 34  0 17  0 39  0  0 21  5  0  0 34  0 38  0 39 38  0  1  0  0  0  0 17  0  0  0 34  0 34  0 34 39  0  0  0  0  0  0 38  0 39 38 34  0 34  0
  0  0  0  0 34  0 35 34 25  0 18  0  0  0  0 34  0  0 35  0  0  0 35 26  0 35  0  0  0  0 18  0  0 34  0  0  0 35  0  0 35  0 26  0 18 35 34  0 35 22  1  4  0  0 22 35  0 26  0  0  0 26  0 13 34  0  0  0  0 35 34  0  0 34  0 35  3 26  0 26  0 26  0 26 35  0 34 35 35  0 22  0 35  0  0 34 34 35 26 26 35  0 26 35 35  0 35  5 35  3  0 26 34 34 35 13 35  0 35  0  0  0 25  0 35
  0  0  0  0 34  0 34 34 26  0 26  0  0  0  0 34  0  0 34  0  0  0 34 10  0 34  0  0  0  1 26  0  0 34  0  0  0 36  0  0 36  0 24  0 26 34 34  0 34 26  0 26  0  0 26 36  0 13  1  0  0 24  0 26 34  2  0  0  0 36 34  0  0 34  0 36 26 13 10 16  0 11  0  7 36  0 34 36 36  0 26  0 34  0  0 34 34 34 16  1 34  0 24 36 34  0 34  0 34  0  0 11 34 34 36 26 36  0 36  0  0  0 26  0 34
  0  0  0  0 38  0 22 38 35  0 35  0  0  0  0 38  0  9 23  0  0  0 24 34  0 11  0  0  0  0 35  0  0 38  0  0  0 41  0  0 41  0 34  0 35 23 38  0 23 35  0 35  0  0 35 41  1 34  0  0  0 34  0 35 38  0  0  0  0 41 38  0  0 38  0 41 35 34  0 34  0 34  0 34 41  0 38 41 41  0 35  0 11  0  0 38 38 22 34 34 24  0 34 41  2  0 22  0  4  0  0 34 38 38 41 35 41  0 41  0  0  0 35  0 24
 39 39 39 41  1 39  0  0  0 35  0 36 39 36 11  0 39 41  0 13 36 36  0  0 39  0 41 25 36 39  0  7 11  0 35 36 41  0 24 39  0 35  0 41  0  0  0  7  0  0 35  0 36 35  0  0 41  0 35 41 24  0 36  0  0 35 41 35 13  0  0 36 36  0 36  0  0  0 36  0 39  0 13  0  9 39  0  1  1 35  0 41  0 25 41  0  0  0  0  0  0 39  0  0  0 36  0 35  0 35 11  0  0  0  0  0  0 41  0 25 41 35  0 35  0
  0  0  0  0 39  0 41 39 35  0 35  0  0  0  0 39  0  0 41  0  0  0 41 36  0 41  0  0  0  0 35  0  0 39  0  0  0 24  0  0  7  0 36  0 35 41 39  1 41 35  0 35  0  0 35 24  0 36  0  0  2 36  0 35 39  0  0  0  0 23 39  0  0 39  0 17 35 36  0 36  0 36  0 36 24  0 39  6 24  0 35  0 41  0  1 39 39 41 36 36 41  0 36 24 41  0 41  0 41  0  0 36 39 39 23 35  6  1 17  0  0  0 35  0 41
  0  6  0  0 24  0 38 16 34  0 34  0  0  0  0  3  0  0 38  0  0  0 38 34  0 38  0  0  0  0 34  0  0 22  0  0  0 39  0  0 39  0 34  0 34 38 16  0 38 34  0 34  0  0 34 39  0 34  0  0  0 34  0 34  9  0  2  0  0 39 14  0  0 10  0 39 34 34  0 34  0 34  0 34 39  0 22 39 39  0 34  0 38  0  0 24 14 38 34 34 38  0 34 39 38  0 38  0 38  0  0 34 16 24 39 34 39  0 39  0  0  0 34  0 38
 39 39 39 41  0 39  0  0  0 35  0 36 39 36 17  0 39 41  0 23 36 36  0  0 39  0 41 24 36 39  0 24 17  0 35 36 41  0  7 39  0 35  0 41  0  0  0 24  0  0 35  0 36 35  0  0 41  0 35 41  4  0 36  0  0 35 41 35 23  0  0 36 36  0 36  0  0  0 36  0 39  0 23  0  0 39  0  3  0 35  0 41  0 24 41  0  0  0  0  1  0 39  1  0  0 36  0 35  0 35 17  0  0  0  0  0  8 41  0 24 41 35  0 35  0
  0  0  0  0 34  0 35 34  9  7 11  0  0  0  0 34  0  0 35  0  0  0 35 26  0 35  0  0  0  0 11  0  0 34  0  0  0 35  0  0 35  0 26  0 11 35 34  0 35 25  0 25  0  1 25 35  0 26  0  0  0 26  0 21 34  0  0  0  0 35 34  0  0 34  0 35 25 26  0 26  0 26  0 26 35  0 34 35 35  0 25  0 35  0  0 34 34 35 26 26 35  0 26 35 35  0 35  0 35  7  0 26 34 34 35 21 35  0 35  0  0  0  6  0 35
 34 34 34 34  0 34  0  0  0 26  0 11 34  3 36  0 34 34  0 36 11  1  0  1 34  0 34 36 11 34  0 36 36  0 26 24 34  0 36 34  0 26  0 34  0  0  0 36  1  0 26  0 11 26  0  0 34  0 26 34 36  1 17  0  0 26 34 26 36  0  0 11 17  0 17  0  0  0 24  0 34  0 36  0  0 34  0  0  0 26  0 34  0 36 34  0  0  0  0  0  0 34  2  0  0 11  0 26  0 26 36  0  0  0  0  0  0 34  0 36 34 26  0 26  0
  0  0  2  0 38  0  3 38 35  0 35  0  0  0  0 38  0  0 15  0  0  0 15 34  0 15  0  0  0  0 35  0  0 38  0  0  0 41  0  0 41  0 34  0 35 15 38  0 15 35  0 35  0  0 35 41  0 34  0  0  0 34  0 35 38  0  1  0  0 41 38  0  0 38  0 41 35 34  0 34  0 34  0 34 41  0 38 41 41  0 35  0 15  0  0 38 38  6 34 34 15  0 34 41 22  0  2  0 22  0  0 34 38 38 41 35 41  4 41  0  0  0 35  0 15
 34 34 34 35  0 34  0  0  0 11  8 26 34 26 35  0 34 35  0 35 26 26  0  1 34  0 35 35 26 34 10 35 35  0 18 26 35  0 35 34  0 11  0 35  0  0  0 35  0  0 18  0 26 21  0  0 35  0  4 35 35  0 26  0  0 20 35 21 35  0  0 26 26  0 26  0  0  0 26  0 34  0 35  0  0 34  0  0  0 20  0 35  0 35 35  0  0  0  0  0  0 34  0  0  0 26  0 18  0 11 35  0  0  0  0  0  0 35  0 35 35  3  0 21  0
 38 38 38 15  0 38  0  0  0 35  0 34 38 34 41  0 38 23  5 41 34 34  0  0 38  0 15 41 34 38  0 41 41  0 35 34 23  0 41 38  0 35  0 15  0  0  0 41  2  0 35  0 34 35  0  0 23  0 35 25 41  0 34  0  0 35  3 35 41  0  0 34 34  0 34  0  0  0 34  0 38  0 41  0  0 38  0  0  0 35  0 25  0 41  7  0  0  0  0  0  0 38  0  0  0 34  1 35  0 35 41  0  0  0  0  0  0 15  0 41 25 35  0 35  0
 21 16  4 38  0 21  0  5  0 34  0 34 25 34 39  0 24 38  0 39 34 34  0  0 21  0 38 39 34 10  1 39 39  0 34 34 38  0 39 16  0 34  0 38  0  0  0 39  0  0 34  0 34 34  0  0 38  0 34 38 39  0 34  0  2 34 38 34 39  0  0 34 34  0 34  0  0  0 34  0 24  0 39  0  0 25  0  0  0 34  0 38  0 39 38  0  0  0  0  0  2 24  0  0  0 34  0 34  0 34 39  0  2  0  0  0  0 38  0 39 38 34  0 34  0
  0  0  0  1 39  0 41 39 35  0 35  0  0  0  0 39  0  0 41  0  0  0 41 36  0 41  0  0  0  0 35  4  0 39  0  0  0  7  1  0 24  0 36  0 35 41 39  0 41 35  0 35  0  0 35 25  0 36  0  0  0 36  0 35 39  0  0  0  0 13 39  0  0 39  0 11 35 36  0 36  0 36  0 36  3  0 39 24  1  0 35  0 41  0  0 39 39 41 36 36 41  0 36 25 41  0 41  0 41  0  0 36 39 39 13 35 24  0 11  0  0  0 35  0 41
 38 38 38 15  1 38  0  0  0 35  0 34 38 34 41  0 38 23  4 41 34 34  2  1 38  0 15 41 34 38  0 41 41  0 35 34 23  0 41 38  0 35  1 15  0  2  0 41  0  0 35  0 34 35  0  0 23  0 35 25 41  0 34  0  0 35 10 35 41  0  0 34 34  0 34  0  0  0 34  0 38  0 41  0  0 38  0  1  0 35  0 25  0 41  3  0  0  3  0  0  0 38  0  0  0 34  0 35  0 35 41  0  1  0  0  0  0 15  0 41 25 35  0 35  0
 34 34 34 35  0 34  0  0  0 25  0 26 34 26 35  0 34 35  0 35 26 26  0  0 34  0 35 35 26 34  3 35 35  0 22 26 35  0 35 34  0 25  0 35  0  0  0 35  0  0 22  0 26 14 10  0 35  0 20 35 35  0 26  0  0  7 35 14 35  0  0 26 26  0 26  0  0  0 26  0 34  0 35  0  0 34  0  0  0 10  7 35  0 35 35  0  0  0  0  0  0 34  0  0  0 26  0 22  0 25 35  0  0  0  0  0  0 35  0 35 35 20  0 14  0
  0  0  0  0 34  0 35 34 25  0 18  1  0  0  0 34  0  0 35  0  0  0 35 26  0 35  0  0  0  0 18  0  0 34  1  0  0 35  0  0 35  0 26  0 18 35 34  0 35 22  0  7  0  0 22 35  0 26  0  0  0 26  0 13 34  0  0  0  0 35 34  1  1 34  0 35 10 26  0 26  0 26  0 26 35  0 34 35 35  0 22  0 35  0  0 34 34 35 26 26 35  0 26 35 35  0 35  6 35  0  0 26 34 34 35 13 35  0 35  0  0  0 25  0 35
 34 34 34 35  0 34  0  0  2 25  0 26 34 26 35  0 34 35  0 35 26 26  0  0 34  0 35 35 26 34  0 35 35  0  4 26 35  0 35 34  0 25  0 35  0  0  0 35  0  0  7  0 26 13  0  0 35  1 18 35 35  0 26  1  0 22 35 13 35  0  0 26 26  0 26  0 10  0 26  0 34  1 35  0  0 34  0  0  0 22  0 35  0 35 35  0  0  0  0  0  0 34  0  0  0 26  0 10  0 25 35  0  0  0  0  0  0 35  0 35 35 18  0 13  0
  0  0  0  0 34  0 34 34 26  0 26 10  0  0  0 34  1  0 34  0  3  0 34 11  0 34  0  0  0  0 26  0  0 34  0  0  0 36  0  0 36  0 11  0 26 34 34  0 34 26  0 26  0  0 26 36  0 16  0  0  0 11  0 26 34  0  0  0  0 36 34  0  0 34  0 36 26 16  0 23  0  7  0 11 36  0 34 36 36  0 26  0 34  0  0 34 34 34 23 11 34  0 11 36 34  1 34  0 34  0  0  5 34 34 36 26 36  0 36  0  1  0 26  1 34
  0  0  0  0 34  0 35 34 21  0 21  0  0  0  0 34  0  0 35  0  0  0 35 26  0 35  0  1  1  0 21  0  0 34  0  0  0 35  0  0 35  1 26  0 21 35 34  0 35 14  0 13  0  0 14 35  0 26  0  0  0 26  0  7 34  0  0  9  0 35 34  0  0 34  0 35 13 26  0 26  0 26  0 26 35  0 34 35 35  0 14  0 35  0  0 34 34 35 26 26 35  0 26 35 35  0 35  4 35  0  0 26 34 34 35  5 35  0 35  0  0  0 21  1 35
 34 34 34 35  1 34  0  0  0 25  0 26 34 26 35  0 34 35  0 35 26 26  1  1 34  0 35 35 26 34  0 35 35  0 22 26 35  0 35 34  0 25  0 35  0  0  0 35  0 10 22  0 26 14  0  0 35  0 20 35 35  0 26  0  0  7 35 14 35  0  0 26 26  0 26  0  0  0 26  0 34  0 35  0  0 34  0  1  0 10  7 35  0 35 35  0  0  0  0  0  0 34  0  0  0 26  0 22  0 25 35  0  0  0  0  0  0 35  0 35 35 20  0 14  0
 39 39 39 41  0 39  0  0  0 35  0 36 39 36 19  0 39 41  0 24 36 36  0  0 39  0 41  5 36 39  0 25 19  0 35 36 41  0 24 39  0 35  0 41  0  0  0 25  0  0 35  0 36 35  0  0 41  0 35 41 24  0 36  0  0 35 41 35 24  1  0 36 36  0 36  0  0  0 36  1 39  0 24  0  0 39  0  0  0 35  0 41  0  4 41  0  0  0  0  0  0 39  0 10  0 36  0 35  0 35 19  0  0  0  0  0  0 41  0  8 41 35  0 35  0
  0  0  0  0 38  0 22 38 35  0 35  0  0  0  0 38  0  1 23  0  0  0 24 34  0 11  0  0  0  0 35  0  0 38  0  0  1 41  0  0 41  0 34  0 35 23 38  0 23 35  0 35  0  0 35 41  0 34  0  3  0 34  0 35 38  0  0  1  0 41 38  0  0 38  0 41 35 34  0 34  1 34  0 34 41  0 38 41 41  0 35  0 11  0  0 38 38 22 34 34 24  0 34 41  4  0 22  0  7  0  0 34 38 38 41 35 41  0 41  0  0  0 35  0 24
 34 34 34 34  0 34  0  0  0 26  0 16 34 17 36  0 34 34  0 36 16 17  0  0 34  0 34 36 19 34  0 36 36  0 26 13 34  0 36 34  0 26  0 34  0  0  0 36  0  0 26  1 16 26  0  0 34  0 26 34 36  0  7  1  0 26 34 26 36  0  0 19  1  0  5  0  0  9 13  0 34  2 36  0  0 34  0  0  0 26  0 34  0 36 34  0  0  0  1  0  0 34  0  0  1 19  0 26  0 26 36  0  0  0  1  0  0 34  0 36 34 26  0 26  0
  0  0  0  0 34  0 35 34 11  0  9  0  0  0  0 34  0  0 35  0  0  0 35 26  0 35  0  0  0  0  9  0  0 34  0  1  0 35  0  0 35  0 26  0  4 35 34  0 35 20  0 18  0  0 20 35  0 26  0  0  0 26  0 21 34  1  0  0  0 35 34  0  0 34  0 35 18 26  0 26  0 26  0 26 35  0 34 35 35  0 20  0 35  0  0 34 34 35 26 26 35  0 26 35 35  0 35  0 35  0  0 26 34 34 35 21 35  0 35  0  0  1 11  0 35
  0  0  0  0 38  0 15 38 35  0 35  0  0  0  0 38  0  0 25  0  0  0 23 34  0  4  0  0  0  0 35  0  0 38  0  0  0 41  0  0 41  0 34  0 35 25 38  0 25 35  0 35  0  0 35 41  3 34  0  0  0 34  0 35 38  0  0  0  0 41 38  1  0 38  0 41 35 34  0 34  1 34  0 34 41  0 38 41 41  0 35  2  6  0  0 38 38 15 34 34 23  0 34 41 11  0 15  0 11  0  1 34 38 38 41 35 41  0 41  1  8  0 35  0 23
  0  0  0  0 39  0 41 39 35  0 35  0  0  0  0 39  0  0 41  0  0  0 41 36  0 41  0  0  0  0 35  3  0 39  0  0  0 24  2  0  4  0 36  0 35 41 39  0 41 35  0 35  0  0 35 24  0 36  0  0  0 36  0 35 39  0  0  0  0 23 39  0  0 39  0 17 35 36  0 36  0 36  0 36 24  0 39  2 24  0 35  0 41  0  0 39 39 41 36 36 41  0 36 24 41  0 41  0 41  0  0 36 39 39 23 35  9  0 17  0  0  1 35  0 41
 34 34 34 34  0 34  0  0  0 26  1 11 34  8 36  0 34 34  0 36 11  5  0  0 34  0 34 36 11 34  0 36 36  0 26 24 34  0 36 34  0 26  1 34  0  0  0 36  0  0 26  0 11 26  0  0 34  0 26 34 36  0 17  0  0 26 34 26 36  0  0 11 17  0 17  0  0  0 24  0 34  0 36  0  0 34  0  0  0 26  0 34  0 36 34  0  0  0  0  0  0 34  7  0  0 11  0 26  0 26 36  0  0  0  0  0  0 34  0 36 34 26  0 26  0
  0  0  0  0 34  0 34 34 26  0 26  0  0  0  0 34  1  0 34  0  0  0 34 13  0 34  0  0  0  0 26  0  0 34  0  0  0 36  0  0 36  0 17  0 26 34 34  0 34 26  0 26  0  0 26 36  0  7  0  0  0 17  0 26 34  0  0  0  0 36 34  0  5 34  7 36 26  8  0 19  0 16  2 13 36  0 34 36 36  0 26  0 34  0  0 34 34 34 19 13 34  0 17 36 34  0 34  0 34  0  0 16 34 34 36 26 36  0 36  0  1  0 26  0 34
 34 34 34 35  0 34  0  0  1 21  0 26 34 26 35  0 34 35  0 35 26 26  0  0 34  0 35 35 26 34  0 35 35  0 13 26 35  0 35 34  0 21  0 35  0  0  0 35  0  0 13  1 26  7  0  0 35  1 21 35 35  0 26  0  0 14 35  7 35  0  0 26 26  0 26  0  0  0 26  0 34  1 35  0  0 34  0  0  0 14  0 35  0 35 35  0  0  0  0  0  0 34  0  0  0 26  0 13  0 21 35  0  0  0  0  6  0 35  0 35 35 21  0  1  0
 22  5 16 38  0 22  0  0  0 34  0 34 24 34 39  8 14 38  0 39 34 34  0  0 22  0 38 39 34 16  0 39 39  0 34 34 38  0 39  9  0 34  0 38  0  0  2 39  0  0 34  0 34 34  0  0 38  0 34 38 39  0 34  0  0 34 38 34 39  0  0 34 34  6 34  0  0  0 34  0 14  0 39  0  0 24  0  0  0 34  0 38  0 39 38  0  0  0  0  0  0 14  0  0  0 34  0 34  0 34 39  0  0  0  0  0  0 38  0 39 38 34  0 34  0
  0  0  0  0 34  0 35 34 25  0 20  0  1  0  0 34  0  0 35  0  0  0 35 26  0 35  0  0  0  0 20  0  0 34  0  2  0 35  0  0 35  0 26  0 20 35 34  0 35  7  0 22  0  0  7 35  0 26  1  0  0 26  0 14 34  0  0  0  0 35 34  0  0 34  0 35 22 26  0 26  0 26  0 26 35  0 34 35 35  5  3  0 35  0  0 34 34 35 26 26 35  0 26 35 35  0 35  0 35  0  0 26 34 34 35 14 35  1 35  0  0  0 25  0 35
  0  0  0  0 38  0 15 38 35  0 35  0  0  0  0 38  0  0  2  0  0  0 15 34  0 25  1  0  0  0 35  0  0 38  0  0  0 41  0  2 41  0 34  1 35  3 38  0 10 35  0 35  0  0 35 41  0 34  0  0  0 34  0 35 38  0  0  0  0 41 38  0  0 38  0 41 35 34  0 34  0 34  0 34 41  0 38 41 41  0 35  0 25  0 10 38 38 15 34 34 15  0 34 41 23  0 15  0 23  0  0 34 38 38 41 35 41  0 41  0  0  0 35  0 15
  0  0  0  0 34  0 35 34 21  0 21  0  0  0  0 34  0  0 35  0  0  0 35 26  0 35  0  0  0  0 21  0  0 34  0  0  0 35  0  0 35  0 26  0 21 35 34  0 35 14  0 13  0  9 14 35  1 26  0  0  0 26  0  7 34  0  0  0  0 35 34  0  1 34  0 35 13 26  0 26  0 26  0 26 35  0 34 35 35  0 14  0 35  0  0 34 34 35 26 26 35  0 26 35 35  0 35  0 35  0  1 26 34 34 35  1 35  0 35  0  0  0 21  8 35
  1  0  0  0 39  0 41 39 35  0 35  0  0  0  0 39  0  0 41  5  0  0 41 36  0 41  0  0  0  0 35  0  0 39  0  0  0 13  0  0 23  0 36  0 35 41 39  0 41 35  0 35  0  0 35 24  0 36  0  0  0 36  0 35 39  0  0  0  0  7 39  0  0 39  0 14 35 36  0 36  0 36 10 36 13  0 39 23 13  0 35  0 41  0  0 39 39 41 36 36 41  0 36 24 41  0 41  0 41  0  0 36 39 39  2 35 23  0 14  1  0  0 35  0 41
 39 39 39 41  0 39  0  0  0 35  0 36 39 36 14  0 39 41  0  1 36 36  0  0 39  0 41 24 36 39  0 13 14  0 35 36 41  0 23 39  0 35  0 41  0  0  0 13  0  0 35  0 36 35  0  1 41  0 35 41 23  0 36  0  0 35 41 35  7  0  0 36 36  0 36  1  1  0 36  0 39  0  7  0  0 39  0  0  0 35  0 41  0 24 41  0  0  0  0  0  0 39  0  0  0 36  0 35  0 35 14  0  0  0 10  1  0 41  0 24 41 35  0 35  0
 17 14 24 38  0 17  0  0  1 34  0 34 11 34 39  0  9 38  0 39 34 34  0  0 17  0 38 39 34 24  0 39 39  0 34 34 38  0 39 14  0 34  0 38  0  0  0 39  0  0 34  0 34 34  0  0 38  0 34 38 39  0 34  0  0 34 38 34 39  0  0 34 34  0 34  0  0  0 34  0  5  0 39  0  0 11  1  0  0 34  0 38  0 39 38  0  4  0  0  0  0  8  0  0  0 34  0 34  0 34 39  0  0  0  1  0  0 38  0 39 38 34  0 34  0
  0  0  0  0 34  0 34 34 26  0 26  1  0  0  0 34  0  0 34  0  0  0 34 16  0 34  0  0  7  0 26  0  0 34  0  0  0 36  0  0 36  0 11  0 26 34 34  0 34 26  1 26  0  0 26 36  0 19  0  1  0 11  0 26 34  0  0  0  0 36 34  0  2 34  0 36 26 19  0  5  0 23  0 16 36  0 34 36 36  0 26  0 34  0  0 34 34 34  7 16 34  0 11 36 34  2 34  0 34  0  0 23 34 34 36 26 36  0 36  0  0  0 26  0 34
  0  0  0  0 34  0 34 34 26  0 26  3  0  0  0 34  0  0 34  0  0  0 34 13  0 34  0  0  0  0 26  0  0 34  0  0  0 36  0  0 36  0 17  0 26 34 34  0 34 26  1 26  0  0 26 36  0  1  0  0  0 17  5 26 34  0  0  1  0 36 34  2  0 34  3 36 26 10  0 19  1 16  0 13 36  0 34 36 36  0 26  0 34  0  0 34 34 34 19 13 34  0 17 36 34  0 34  0 34  0  0 16 34 34 36 26 36  0 36  0  0  0 26  0 34
 22  9 16 38  0 22  0  0  0 34  0 34 24 34 39  8 14 38  0 39 34 34  0  0 22  0 38 39 34 16  0 39 39  0 34 34 38  0 39 10  0 34  0 38  0  0  0 39  0  0 34  0 34 34  0  0 38  0 34 38 39  0 34  0  6 34 38 34 39  0  0 34 34  0 34  0  0  0 34  0 14  0 39  0  0 24  0  0  0 34  0 38  0 39 38  0  0  0  0  0  0 14  0  0  0 34  0 34  0 34 39  0  2  0  0  0  0 38  0 39 38 34  0 34  0
  0  0  0  0 34  0 34 34 26  0 26  0  0  0  0 34  0  0 34  1  0  0 34 13  0 34  0  0  0  0 26  0  0 34  0  0  0 36  0  0 36  0 17  0 26 34 34  0 34 26  0 26  0  0 26 36  0  5  0  0  0 17  7 26 34  0  0  0  0 36 34  0  3 34  0 36 26  9  0 19  0 16  0 13 36  0 34 36 36  0 26  0 34  0  0 34 34 34 19 13 34  0 17 36 34  0 34  1 34  0  0 16 34 34 36 26 36  0 36  0  0  0 26  0 34
 39 39 39 41  0 39  0  0  0 35  0 36 39 36  7  0 39 41  0 14 36 36  0  0 39  0 41 19 36 39  0 11 10  0 35 36 41  0 17 39  0 35  0 41  0  0  0 11  0  0 35  0 36 35  0  0 41  0 35 41 17  0 36  0  0 35 41 35 14  1  0 36 36  0 36  0  0  0 36  0 39  0 14  0  0 39  0  0  0 35  0 41  0 19 41  0  1  0  0  0  0 39  0  0  0 36  0 35  0 35  9  0  0  0  0  0  0 41  8 19 41 35  0 35  0
 34 34 34 35  0 34  0  0  0 25  0 26 34 26 35  0 34 35  0 35 26 26  0  0 34  0 35 35 26 34  0 35 35  1  3 26 35  0 35 34  0 25  0 35  0  0  0 35  0  0 10 10 26 13  0  0 35  0 18 35 35  0 26  0  0 22 35 13 35  1  0 26 26  0 26  0  0  0 26  0 34  0 35  0  0 34  0  0  0 22  0 35  0 35 35  0  0  0  0  0  0 34  0  0  0 26  0  4  0 25 35  0  0  0  0  2  0 35  0 35 35 18  4 13  0
 34 34 34 34  0 34  0  0  0 26  0 16 34 17 36  0 34 34  0 36 16 17  0  0 34  0 34 36 19 34  0 36 36  0 26 13 34  0 36 34  0 26  0 34  0  0  0 36  0  0 26  0 16 26  0  0 34  9 26 34 36  0  8  0  0 26 34 26 36  0  0 19 10  0  9  0  0  0 13  1 34  0 36  0  0 34  0  0  0 26  0 34  0 36 34  0  0  0  0  0  0 34  0  0  0 19  0 26  0 26 36  1  0  0  0  0  0 34  0 36 34 26  1 26  0
  0  0  0  0 34  0 34 34 26  0 26  0  0  0  0 34  0  0 34  0  0  0 34  3  0 34  0  0  0  0 26  0  0 34  0 10  0 36  0  0 36  0 24  0 26 34 34  0 34 26  0 26  0  0 26 36  0 13  0  0  0 24  0 26 34  0  0  0  0 36 34  0  0 34  0 36 26 13  0 16  0 11  0  2 36  0 34 36 36  1 26  0 34  0  0 34 34 34 16  1 34  0 24 36 34  0 34  0 34  0  0 11 34 34 36 26 36  0 36  0  0  0 26  0 34
 34 34 34 34  0 34  0  0  0 26  0 23 34 11 36  0 34 34  0 36 23 11  0  0 34  0 34 36  2 34  0 36 36  0 26 16 34  0 36 34  0 26  0 34  0  0  0 36  0  0 26  0 23 26  0  1 34  0 26 34 36  0 19  0  0 26 34 26 36  0  0  5 19  0 19  0  0  1 16  0 34  0 36  0  0 34  0  0  0 26  0 34  0 36 34  0  0  0  6  0  0 34  0  0  0  6  0 26  0 26 36  0  0  0  0  3  0 34  0 36 34 26  0 26  0
  1  0  0  0 11  0 38 24 34  0 34  0  0  0  0 14  5  0 38  0  0  0 38 34  0 38  0  0  0  0 34  0  0 17  0  0  0 39  0  0 39  0 34  0 34 38 24  0 38 34  0 34  0  0 34 39  1 34  0  1  0 34  0 34 14  0  0  0  0 39  5  0  1 14  0 39 34 34  0 34  0 34  0 34 39  0 17 39 39  0 34  0 38  0  0 11  1 38 34 34 38  1 34 39 38  0 38  0 38  0  0 34 24 11 39 34 39  0 39  0  0  0 34  0 38
 34 34 34 34  0 34  0  0  0 26  0  2 34 11 36  0 34 34  0 36  1 11  0  0 34  0 34 36 23 34  0 36 36  0 26 11 34  0 36 34  0 26  0 34  0  0  0 36  0  0 26  1  7 26  0  0 34  2 26 34 36  0 16  1  0 26 34 26 36  0  0 23 16  0 16  0  0  0 11  0 34  0 36  0  0 34  1  0  0 26  0 34  1 36 34  0  0  0  2  0  0 34  0  0  1 23  0 26  0 26 36  3  0  0  0  0  0 34  0 36 34 26  0 26  0
  0  0  0  0 39  0 41 39 35  0 35  0  0  0  3 39  0  0 41  2  0  0 41 36  1 41  0  0  0  0 35  0  0 39  0  0  0 13  0  0 23  0 36  0 35 41 39  0 41 35  0 35  0  0 35 24  0 36  0  0  0 36  2 35 39  0  0  0 10  7 39  0  0 39  0 14 35 36  0 36  0 36  0 36 13  0 39 23 13  0 35  0 41  0  0 39 39 41 36 36 41  0 36 24 41  0 41  0 41  0  0 36 39 39  2 35 23  0 14  0  0  0 35  0 41
 34 34 34 34  0 34  0  0  0 26  0 11 34 24 36  0 34 34  0 36 11 24  0  3 34  0 34 36 16 34  0 36 36  0 26  7 34  0 36 34  0 26  0 34  0  0  0 36  0  0 26  0 11 26  0  0 34  0 26 34 36  0 13  0  0 26 34 26 36  0  0 16 13  0 13  0  0  0  2  0 34  0 36  0  0 34  0  0  0 26  2 34  0 36 34  0  0  0  0  9  0 34  0  0  0 16  0 26  0 26 36  0  0  0  0  0  0 34  0 36 34 26  0 26  0
 39 39 39 41  0 39  0  0  0 35  0 36 39 36 11  0 39 41  0 13 36 36  0  0 39  0 41 25 36 39  0  2 11  0 35 36 41  9 24 39  0 35  0 41  0  0  0  3  0  0 35  0 36 35  0  0 41  0 35 41 24  0 36  0  0 35 41 35 13  0  0 36 36  0 36  0  0  0 36  0 39  0 13  0  0 39  0  0  6 35  0 41  0 25 41  0  0  0  0  0  0 39  0  0  0 36  0 35  0 35 11  0  0  0  0  0  0 41  0 25 41 35  0 35  2
  0  0  0  0  3  0 38 25 34  0 34  0  7  0  0 24  0  0 38  0  0  0 38 34  0 38  0  0  0  0 34  0  0 21  0  0  0 39  0  0 39  0 34  0 34 38 25  0 38 34  0 34  0  0 34 39  0 34  0  0  0 34  0 34 24  0  0  0  0 39 11  0  0 24  0 39 34 34  0 34  0 34  0 34 39  0 21 39 39  0 34  0 38  0  0  4 11 38 34 34 38  0 34 39 38  0 38  0 38  0  0 34 25  6 39 34 39  0 39  0  0  1 34  0 38
  5 22 21 38  0  6  0  0  0 34  0 34 21 34 39  0 17 38  0 39 34 34  0  0 10  0 38 39 34 21  0 39 39  5 34 34 38  0 39 22  0 34  0 38  0  0  0 39  0  0 34  0 34 34  0  0 38  0 34 38 39  0 34  0  0 34 38 34 39  0  1 34 34  0 34  0  0  0 34  0 17  1 39  0  0 21  0  0  0 34  0 38  0 39 38  0  0  0  0  0  0 17  0  0  0 34  0 34  0 34 39  0  0  0  0  0  0 38  0 39 38 34  0 34  0
 39 39 39 41  0 39  0  0  0 35  0 36 39 36 17  0 39 41  0 23 36 36  0  0 39  0 41 24 36 39  0 24 17  0 35 36 41  1  6 39  3 35  0 41  0  0  0 24  1  0 35  0 36 35  1  0 41  0 35 41  2  0 36  0  0 35 41 35 23  0  0 36 36  0 36  0  0  0 36  0 39  0 23  0  0 39  0  0  0 35  0 41  0 24 41  0  0  0  0  0  0 39  0  0  0 36  0 35  0 35 17  0  0  0  0  0  4 41  0 24 41 35  0 35  0
 39 39 39 41  0 39  0  0  0 35  0 36 39 36 11  0 39 41  0 13 36 36  0  0 39  0 41 25 36 39  0  8 11  0 35 36 41  1 24 39  0 35  0 41  0  0  0  1  0  0 35  0 36 35  0  0 41  0 35 41 24  0 36  0  0 35 41 35 13  0  0 36 36  0 36  0  0  0 36  0 39  0 13  0  6 39  0  0  0 35  0 41  0 25 41  0  0  0  0  0  0 39  0  0  0 36  0 35  0 35 11  0  0  0  0  0  0 41  0 25 41 35  0 35  0
  0  0  0  0 34  0 35 34 25  0 20  0  0  2  0 34  0  0 35  0  0  0 35 26  0 35  1  0  0  0 20  0  0 34  0  0  0 35  0  0 35  0 26  0 20 35 34  0 35 10  0 22  0  0 10 35  0 26  0  0  0 26  0 14 34  5  0  0  0 35 34  0  0 34  0 35 22 26  1 26  0 26  0 26 35  0 34 35 35  0  2  0 35  0  0 34 34 35 26 26 35  0 26 35 35  0 35  0 35  0  0 26 34 34 35 14 35  0 35  0  0  2 25  0 35
 34 34 34 35  0 34  0  0  0 25  2 26 34 26 35  0 34 35  0 35 26 26  0  0 34  0 35 35 26 34  0 35 35  0 22 26 35  0 35 34  0 25  0 35  0  0  0 35  0  7 22  0 26 14  7  0 35  0 20 35 35  0 26  0  0  3 35 14 35  0  0 26 26  0 26  0  0  0 26  0 34  0 35  2  0 34  0  0  0  2  0 35  0 35 35  1  0  0  0  0  0 34  0  0  0 26  0 22  0 25 35  0  0  0  0  0  1 35  0 35 35 20  0 14  0
  0  0  0  0 38  0 15 38 35  0 35  0  0  0  0 38  0  0 25  0  0  0 23 34  0  5  0  1  0  0 35  0  1 38  0  0  0 41  0  0 41  0 34  0 35 25 38  0 25 35  0 35  0  0 35 41  0 34  0  2  0 34  0 35 38  0  0  0  0 41 38  0  0 38  0 41 35 34  0 34  0 34  0 34 41  0 38 41 41  0 35  0  8  0  0 38 38 15 34 34 23  1 34 41 11  0 15  0 11  0  0 34 38 38 41 35 41  0 41  0  6  0 35  0 23
 38 38 38 23  0 38  0  0  0 35  0 34 38 34 41  0 38 11  0 41 34 34  0  0 38  2 23 41 34 38  0 41 41  0 35 34 11  0 41 38  0 35  0 15  0  0  0 41  0  0 35  0 34 35  0  0 11  0 35  6 41  0 34  0  0 35 25 35 41  0  0 34 34  0 34  0  0  0 34  0 38  1 41  0  0 38  0  0  0 35  0  8  0 41 25  0  0  0  0  0  0 38  0  0  3 34  0 35  0 35 41  0  0  0  0  0  0 15  0 41  7 35  0 35  0
  0  0  0  0 39  0 41 39 35  0 35  0  0  0  0 39  0  0 41  0  0  0 41 36  0 41  0  5  0  0 35  0  0 39  0  0  0 25  0  0 24  0 36  0 35 41 39  0 41 35  0 35  0  0 35  4  0 36  0  0  0 36  0 35 39  0  0  0  0 24 39  0  0 39  0 19 35 36  0 36  0 36  0 36 25  0 39 24 25  0 35  0 41  0  0 39 39 41 36 36 41  0 36  9 41  0 41  0 41  0  0 36 39 39 24 35 24  0 19  4  1  0 35  0 41
  0  2  0  2 38  0 15 38 35  0 35  0  0  0  0 38  0  0  8  0  0  0 15 34  0 25  0  0  0  1 35  0  0 38  0  0  0 41  1  0 41  0 34  0 35  7 38  0  3 35  0 35  0  0 35 41  0 34  0  0  0 34  0 35 38  0 10  0  0 41 38  0  0 38  0 41 35 34  0 34  0 34  0 34 41  0 38 41 41  0 35  0 25  0  0 38 38 15 34 34 15  0 34 41 23  0 15  0 23  0  0 34 38 38 41 35 41  1 41  0  0  0 35  0 15
 21 24 25 38  7 21  0  0  0 34  0 34  8 34 39  0 11 38  1 39 34 34  0  0 21  0 38 39 34 25  0 39 39  0 34 34 38  0 39 24  0 34  0 38  0  0  0 39  0  0 34  0 34 34  0  0 38  0 34 38 39  0 34  0  0 34 38 34 39  0  0 34 34  0 34  0  0  0 34  0 11  0 39  0  0  4  0  0  0 34  1 38  0 39 38  0  0  0  0  0  0 11  0  0  0 34  0 34  0 34 39  0  0  7  0  0  0 38  0 39 38 34  0 34  0
 17 14 24 38  0 17  0  0  0 34  0 34 11 34 39  0  6 38  0 39 34 34  0  0 17  0 38 39 34 24  0 39 39  1 34 34 38  0 39 14  0 34  0 38  0  0  0 39  0  0 34  0 34 34  0  0 38  0 34 38 39  0 34  0  0 34 38 34 39  0  4 34 34  0 34  1  0  0 34  0  1  0 39  0  0 11  0  0  0 34  0 38  0 39 38  0  0  0  0  0  0  7  0  0  0 34  0 34  0 34 39  0  0  0  0  1  0 38  0 39 38 34  0 34  0
 38 38 38 15  0 38  5  0  0 35  0 34 38 34 41  0 38 22  0 41 34 34  1  0 38  0 15 41 34 38  0 41 41  0 35 34 22  0 41 38  0 35  0  6  0  0  0 41  3  0 35  0 34 35  0  0 22  0 35 15 41  0 34  0  0 35 15 35 41  0  0 34 34  0 34  0  0  0 34  0 38  0 41  0  0 38  0  0  0 35  0 15  0 41 15  0  0  0  0  0  0 38  0  0  0 34  4 35  0 35 41  0  0  0  0  0  0  5  0 41 15 35  0 35  0
 34 34 34 34  0 34  0  0  0 26  0 23 34 11 36  0 34 34  0 36 23 11  0  0 34  0 34 36  1 34  0 36 36  0 26 16 34  0 36 34  0 26  0 34  0  0  0 36  0  0 26  0 23 26  0  0 34  1 26 34 36  0 19  0  0 26 34 26 36  0  0  7 19  0 19  0  0  0 16  6 34  2 36  0  0 34  0  0  0 26  0 34  0 36 34  0  0  0  0  0  0 34  0  0  0  2  0 26  0 26 36  0  0  0  0  0  0 34  1 36 34 26  0 26  0
 34 34 34 34  0 34  0  0  0 26  0 11 34 24 36  0 34 34  0 36 11 24  0  1 34  0 34 36 16 34  0 36 36  0 26  1 34  0 36 34  1 26  0 34  0  0  0 36  0  0 26  0 11 26  0  0 34  0 26 34 36  0 13  0  0 26 34 26 36  0  0 16 13  0 13  0  0  0  1  0 34  0 36  9  0 34  0  0  0 26  0 34  0 36 34  0  0  0  0  0  0 34  0  0  0 16  0 26  0 26 36  0  0  0  0  0  0 34  0 36 34 26  0 26  0
 38 38 38  7  0 38  0  0  0 35  0 34 38 34 41  0 38 24  0 41 34 34  6  0 38  0  1 41 34 38  0 41 41  0 35 34 24  0 41 38  0 35  0 15  0  0  2 41  0  0 35  0 34 35  0  0 24  0 35 23 41  0 34  0  0 35 15 35 41  0  0 34 34  0 34  0  0  0 34  0 38  0 41  0  0 38  0  0  0 35  0 23  0 41 15  0  0  0  0  0  0 38  1  0  0 34  2 35  0 35 41  0  0  0  0  0  0 15  0 41 23 35  0 35  3
  0  0  0  0 11  0 38 24 34  0 34  0  0  0  0 14 10  0 38  1  0  0 38 34  0 38  0  0  0  0 34  0  0 17  0  0  0 39  0  0 39  0 34  0 34 38 24  0 38 34  0 34  0  0 34 39  0 34  0  0  0 34  0 34 14  0  0  0  0 39  8  0  0 14  0 39 34 34  0 34  1 34  0 34 39  0 17 39 39  0 34  1 38  0  0 11  7 38 34 34 38  0 34 39 38  0 38  0 38  0  0 34 24 11 39 34 39  0 39  0  0  0 34  0 38
 34 34 34 34  0 34  0  0  0 26  0 11 34  7 36  0 34 34  0 36 11  3  0  0 34  0 34 36 11 34  1 36 36  0 26 24 34  0 36 34  1 26  2 34  0  0  0 36  0  0 26  0 11 26  0  0 34  0 26 34 36  7 17  0  0 26 34 26 36  0  0 11 17  0 17  0  0  0 24  0 34  0 36  0  0 34  0  0  0 26  0 34  0 36 34  0  0  0  0  0  1 34  0  0  0 11  0 26  0 26 36  0  0  0  0  0  0 34  0 36 34 26  0 26  0
 39 39 39 41  0 39  0  0  0 35  0 36 39 36 19  0 39 41  0 24 36 36  0  0 39  0 41  3 36 39  0 25 19  0 35 36 41  0 24 39  0 35  0 41  0  0  0 25  0  0 35  0 36 35  0 10 41  0 35 41 24  0 36  0  0 35 41 35 24  0  0 36 36  0 36  0  0  0 36  0 39  0 24  0  0 39  0  0  0 35  0 41  0  9 41  0  0  0  0  0  0 39  0  0  0 36  0 35  0 35 19  0  0  0  1  0  0 41  1  4 41 35  0 35  0
 38 38 38 24  0 38  0  0  0 35  0 34 38 34 41  0 38  4  0 41 34 34  0  0 38  0 24 41 34 38  0 41 41  0 35 34  2  0 41 38  0 35  0 22  0  0  0 41  0  0 35  0 34 35  0  0  4  1 35 11 41  0 34  0  0 35 23 35 41  0  0 34 34  0 34  0  0  0 34  0 38  1 41  0  0 38  0  0  0 35  0 11  3 41 23  0  0  0  0  0  0 38  0  0  0 34  0 35  6 35 41  0  0  0  0  0  0 22  0 41 11 35  0 35  0
  0  0  0  0 34  0 34 34 26  0 26  0  0  0  1 34  0  0 34  0  0  0 34 16  0 34  0  0 10  0 26  0  0 34  0  0  0 36  0  0 36  0 11  0 26 34 34  0 34 26  0 26  1  0 26 36  0 19  0  0  0 11  0 26 34  0  0  0  0 36 34  2  0 34  0 36 26 19  0  6  0 23  0 16 36  0 34 36 36  0 26  0 34  0  0 34 34 34  2 16 34  0 11 36 34  0 34  0 34  0  0 23 34 34 36 26 36  0 36  0  0  0 26  0 34
 38 38 38 15  0 38 10  0  0 35  0 34 38 34 41  0 38 22  0 41 34 34  0  0 38  0 15 41 34 38  0 41 41  0 35 34 22  0 41 38  0 35  0  2  0  1  0 41  0  0 35  0 34 35  0  0 22  0 35 15 41  0 34  0  0 35 15 35 41  0  0 34 34  0 34  0  0  0 34  0 38  0 41  0  0 38  0  0  0 35  0 15  0 41 15  0  0  4  0  0  2 38  0  0  0 34  0 35  0 35 41  0  0  2  0  0  0  6  0 41 15 35  0 35  0
  0  0  0  0 34  0 35 34 25  0 18  0  0  0  0 34  0  0 35  1  0  0 35 26  0 35  0  1  1  0 18  0  0 34  5  0  0 35  0  0 35  0 26  0 18 35 34  0 35 22  6 10  0  4 22 35  0 26  0  0  0 26  0 13 34  0  0  0  0 35 34  0  0 34  1 35  4 26  0 26  0 26  0 26 35  0 34 35 35  0 22  0 35  0  0 34 34 35 26 26 35  0 26 35 35  0 35  0 35  0  0 26 34 34 35 13 35  0 35  0  0  0 25  0 35
 38 38 38 24  0 38  0  0  0 35  0 34 38 34 41  0 38  4  0 41 34 34  0  0 38  2 24 41 34 38  0 41 41  0 35 34  4  0 41 38  0 35  0 22  0  0  0 41  0  0 35  0 34 35  0  0  7  0 35 11 41  0 34  0  0 35 23 35 41  0  0 34 34  0 34  0  0  0 34  0 38  0 41  0  0 38  0  0  0 35  0 11  0 41 23  0  0  0  0  0  0 38  0  0  6 34  0 35  0 35 41  0  0  0  0  0  0 22  0 41 11 35  0 35  0
  0  0  0  0 34  0 35 34  8  8 11  0  0  0  0 34  0  0 35  0  0  0 35 26  0 35  0  0  0  0 11  0  0 34  3  0  0 35  0  0 35  7 26  0 11 35 34  0 35 25  0 25  0  0 25 35  0 26  0  0  0 26  0 21 34  0  0  0  0 35 34  0  0 34  0 35 25 26  0 26  0 26  0 26 35  0 34 35 35  0 25  0 35  0  0 34 34 35 26 26 35  0 26 35 35  0 35  0 35  0  0 26 34 34 35 21 35  0 35  0  0  0  6  1 35
  0  0  0  0 39  0 41 39 35  0 35  0  0  0  9 39  0  0 41  0  0  0 41 36  0 41  0  0  0  0 35  0  2 39  0  0  0 11  0  0 17  0 36  0 35 41 39  0 41 35  0 35  0  0 35 19  0 36  0  1  0 36  0 35 39  0  0  1  0 14 39  0  0 39  0  9 35 36  0 36  0 36  0 36 11  0 39 17 11  0 35  0 41  0  0 39 39 41 36 36 41  0 36 19 41  0 41  0 41  0  0 36 39 39 14 35 17  0  5  1  0  0 35  0 41
 34 34 34 34  0 34  0  0  0 26  0  1 34 11 36  0 34 34  0 36  2 11  0  0 34  0 34 36 23 34  0 36 36  0 26 11 34  0 36 34  0 26  0 34  0  0  0 36  0  0 26  0  5 26  0  0 34  0 26 34 36  0 16  0  0 26 34 26 36  0  0 23 16  0 16  0  0  1 11  0 34  3 36  0  0 34  0  0  0 26  0 34  0 36 34  0  0  0  0  0  0 34  0  0  0 23  0 26  0 26 36  0  0  0  0  1  0 34  0 36 34 26  0 26  0
 21 16  6 38  0 21  0  6  0 34  0 34 25 34 39  0 24 38  0 39 34 34  0  0 21  0 38 39 34  5  0 39 39  0 34 34 38  0 39 16  0 34  0 38  0  0  2 39  1  0 34  0 34 34  0  0 38  0 34 38 39  0 34  0  0 34 38 34 39  0  0 34 34  2 34  0  0  0 34  0 24  0 39  0  0 25  0  0  0 34  0 38  0 39 38  0  0  0  0  0  0 24  0  0  0 34  0 34  0 34 39  0  0  0  0  0  0 38  0 39 38 34  0 34  0
 21 24 25 38  9 21  0  0  0 34  0 34  8 34 39  0 11 38  0 39 34 34  0  0 21  0 38 39 34 25  0 39 39  0 34 34 38  0 39 24  0 34  0 38  0  0  0 39  0  0 34  0 34 34  0  0 38  0 34 38 39  0 34  0  0 34 38 34 39  0  0 34 34  0 34  0  0  0 34  0 11  0 39  0  0  6  0  0  0 34  0 38  0 39 38  7  0  0  0  0  0 11  0  0  0 34  2 34  0 34 39  0  0  0  0  0  0 38  0 39 38 34  0 34  0
 39 39 39 41  0 39  0  0  0 35  0 36 39 36 14  0 39 41  0  7 36 36  0  0 39  0 41 24 36 39  0 13 14  0 35 36 41  0 23 39  0 35  0 41  0  0  0 13  0  0 35  0 36 35  0  0 41  1 35 41 23  0 36  0  0 35 41 35  2 10  1 36 36  0 36  0  0  0 36  0 39  0  2  0  0 39  0  0  0 35  0 41  0 24 41  0  0  0  0  0  0 39  0  1  0 36  0 35  0 35 14  0  0  0  0  0  0 41  1 24 41 35  0 35  0
 34 34 34 35  0 34  0  0  0 21  0 26 34 26 35  0 34 35  0 35 26 26  0  0 34  0 35 35 26 34  0 35 35  0 13 26 35  0 35 34  0 21  0 35  0  0  0 35  0  0 13  0 26  5  0  0 35  0 21 35 35  0 26  6  0 14 35  1 35  1  0 26 26  0 26  0  2  0 26  3 34  0 35  0  0 34  0  0  0 14  0 35  0 35 35  0  1  0  0  0  0 34  0  0  0 26  0 13  0 21 35  1  0  0  0  0  0 35  0 35 35 21  1  5  0
 39 39 39 41  0 39  0  0  0 35  0 36 39 36 17  0 39 41  0 23 36 36  0  0 39  0 41 24 36 39  0 24 17  0 35 36 41  0  6 39  8 35  0 41  0  0  0 24  0  0 35  0 36 35  0  0 41  0 35 41  9  0 36  0  0 35 41 35 23  0  0 36 36  0 36  0  0  0 36  0 39  0 23  0  0 39  0  4  0 35  1 41  0 24 41  0  0  0  0  0  0 39  0  0  0 36  0 35  0 35 17  0  0  0  0  0  0 41  0 24 41 35  0 35  0
  0  0  0  2 38  0  2 38 35  0 35  0  0  0  0 38  0  0 15  0  0  0 15 34  0 15  0  0  0  1 35  0  0 38  0  0  0 41  1  0 41  0 34  4 35 15 38  0 15 35  0 35  0  0 35 41  0 34  0  0  0 34  0 35 38  1  0  0  0 41 38  0  0 38  0 41 35 34  0 34  0 34  0 34 41  0 38 41 41  0 35  0 15  0  1 38 38  5 34 34 15  0 34 41 22  0  6  0 22  0  0 34 38 38 41 35 41  0 41  0  0  0 35  0 15
 39 39 39 41  0 39  0  0  0 35  0 36 39 36  5  0 39 41  0 14 36 36  0  0 39  0 41 19 36 39  0 11  5  0 35 36 41  0 17 39  0 35  0 41  0  0  0 11  0  0 35  0 36 35  0  0 41  0 35 41 17  0 36  0  0 35 41 35 14  0  0 36 36  0 36  8  0  0 36  0 39  0 14  0  0 39  0  0  0 35  0 41  0 19 41  0  0  0  1  0  0 39  0  1  0 36  0 35  0 35  5  0  0  0  1  0  0 41  0 19 41 35  0 35  0
  0  0  0  0 39  0 41 39 35  0 35  0  0  0  0 39  0  0 41  0  0  0 41 36  0 41  0  6  0  0 35  0  0 39  0  0  0 25  0  0 24  0 36  0 35 41 39  0 41 35  0 35  0  0 35  8  0 36  0  1  0 36  0 35 39  0  0  0  1 24 39  0  0 39  0 19 35 36  0 36  0 36  0 36 25  0 39 24 25  0 35  0 41  4  0 39 39 41 36 36 41  0 36  4 41  0 41  0 41  0  1 36 39 39 24 35 24  0 19  0  0  0 35  0 41
  0  0  0  0 38  0 15 38 35  0 35  0  0  0  0 38  0  0 25  0  0  0 23 34  0  2  0  0  0  0 35  0  0 38  0  0  0 41  0  0 41  0 34  0 35 25 38  0 25 35  0 35  1  0 35 41  0 34  0  8  0 34  1 35 38  0  0  0  0 41 38  0  0 38  0 41 35 34  0 34  0 34  0 34 41  0 38 41 41  0 35  6  7  1  0 38 38 15 34 34 23  0 34 41 11  0 15  0 11  0  0 34 38 38 41 35 41  0 41  0  0  0 35  1 23
  0  0  0  0 34  0 35 34 11  0  2  0  0  3  0 34  0  0 35  0  0  0 35 26  0 35  0  0  0  0  3  0  0 34  0  0  0 35  0  0 35  0 26  0  3 35 34  0 35 20  0 18  0  0 20 35  0 26  1  0  1 26  0 21 34  0  0  0  0 35 34  0  0 34  0 35 18 26  0 26  0 26  0 26 35  1 34 35 35  2 20  0 35  0  0 34 34 35 26 26 35  0 26 35 35  0 35  0 35  0  0 26 34 34 35 21 35  0 35  0  0  0 11  0 35
 34 34 34 35  0 34  0  0  5  7  0 26 34 26 35  0 34 35  0 35 26 26  0  0 34  0 35 35 26 34  0 35 35  0 25 26 35  0 35 34  0  6  0 35  0  0  0 35  0  0 25  0 26 21  0  0 35  0 11 35 35  0 26  0  0 25 35 21 35  0  0 26 26  0 26  0  4  1 26  0 34  0 35  0  0 34  0  0  0 25  0 35  0 35 35  0  0  0  0  0  0 34  0  0  0 26  0 25  0  6 35  0  0  0  0  1  0 35  0 35 35 11  0 21  0
  0  0  0  0 34  0 35 34 21  0 21  0  0  0  0 34  0  0 35  0  0  0 35 26  0 35  0  0  0  0 21  0  0 34  0  0  0 35  0  0 35  0 26  0 21 35 34  0 35 14  0 13  1  1 14 35  0 26  0  0  0 26  0  1 34  0  0  8  0 35 34  0  0 34  0 35 13 26  0 26  0 26  0 26 35  0 34 35 35  0 14  0 35  0  0 34 34 35 26 26 35  0 26 35 35  0 35  0 35  1  0 26 34 34 35  5 35  0 35  0  1  0 21  0 35
 38 38 38  1  0 38  4  0  0 35  0 34 38 34 41  0 38 24  1 41 34 34  8  0 38  0  5 41 34 38  0 41 41  0 35 34 24  0 41 38  0 35  0 15  0  0  0 41  0  0 35  0 34 35  0  0 24  0 35 23 41  0 34  0  0 35 15 35 41  0  0 34 34  0 34  0  0  0 34  0 38  0 41  0  2 38  0  0  0 35  0 23  0 41 15  0  0  0  0  0  3 38  0  0  0 34  0 35  0 35 41  0  0  0  0  0  0 15  0 41 23 35  0 35  0

  0 34  0 18  0 35  0  0  0  0  0  0  0  0 34 35  0 35 34 35 34  0 26  0 26 26  0  0  2  0 34 35  0  0  0  1 20  0 35 35  0  3 35 35  0 35 35 35 26  0 34  0  0  0  0  5  0 21 35 35 35  0  0 26  0  0 26  0 35  0 34 20 34 20  0 26  0 26  8 18  0 34 26 35  0  0  0  0  0 35 34  0 26 11 34 35  0  0  0 26 26  2  1  0  0  0 35  0  0  0 35  1  0  0 35  0 21 34 34 35  0 11  0 35 35
 34  0  0 34  1 39  0  0  0  0  0  0  0  0 10 38  0 38 25 38 24  0 34  0 34 34  0  0  0  0  5 38  0  0  7  0 34  0 39 38  0 34 39 39  0 38 39 38 34  2 25  0  0  0  0  0  0 34 38 39 39  0  0 34  0  0 34  1 38  0 21 34 16 34  0 34  0 34  0 34  0 16 34 39  0  0  0  0  0 38 16  0 34 34 24 38  0  0  0 34 34 34  0  1  0  0 39  0  0  0 39  0  0  0 39  0 34 21 25 38  0 34  0 38 39
  0  0  0  0 39  4 39 36 36 17 39 36 41 23  0  0 17  0  0  0  0 41  0 41  0  0 36 41 35 41  0  0 17 35 39 41  0 35  5  0 41  0  0  0 35  0  0  0  0 41  0 41 36 36 23 35 41  0  0  0  0 35 36  0 24 39  0 39  0 39  0  0  0  0  8  0 39  0 35  0 35  0  0  1 36 36 41 24 35  0  0 39  0  0  0  0 24 35 35  0  0  0 35 35 24 36  8 39 41 39  0 36 39 24  0 36  0  0  0  0 23  0 36  0  1
 18 34  0  0  0 35  0  0  0  0  0  0  0  0 34 35  0 35 34 35 34  0 26  0 26 26  0  0  1  0 34 35  0  0  0  0 22  0 35 35  0 18 35 35  0 35 35 35 26  0 34  0  0  0  0  0  0 13 35 35 35  1  0 26  0  0 26  0 35  0 34 22 34 22  0 26  0 26  3  1  7 34 26 35  0  0  0  0  4 35 34  0 26 25 34 35  0  0  0 26 26 18  0  0  0  0 35  0  0  0 35  0  0  0 35  2 13 34 34 35  0 25  0 35 35
  0  1 39  0  0  0 25 34 34 39 21 34 38 39  7  0 39  0  0  0  0 38  0 38  0  0 34 38 34 38  9  0 39 34  9 38  0 34  0  0 38  0  0  0 34  0  0  0  0 38  0 38 34 34 39 34 38  0  0  0  0 34 34  0 39 24  0 21  0 24  0  0  0  0 39  0 16  0 34  0 34  0  0  0 34 34 38 39 34  0  0 24  0  0  0  0 39 34 34  0  1  0 34 34 39 34  0 21 38 25  0 34 16 39  0 34  0  0  0  0 39  0 34  0  1
 35 39  4 35  0  0  0  0  0  2  0  0  0  0 39 41  0 41 39 41 39  0 36  0 36 36  0  0  0  0 39 41  0  0  0  0 35  0  4 41  0 35 23 24  0 41 24 41 36  0 39  0  0  0  0  0  0 35 41 24 17  0  2 36  0  0 36  0 41  0 39 35 39 35  6 36  0 36  0 35  0 39 36 24  0  0  0  0  0 41 39  0 36 35 39 41  0  0  0 36 36 35  0  0  0  1  8  0  0  0 23  0  0  0 24  0 35 39 39 41  1 35  0 41 17
  0  0 39  0 25  0  0 34 34 39 21 34 38 39  0  0 39  0  7  0  3 38  0 38  0  1 34 38 34 38  0  0 39 34 25 38  0 34  0  0 38  0  0  0 34  0  0  0  0 38  8 38 34 34 39 34 38  0  0  0  0 34 34  0 39 11  0 21  0 11  0  0  0  0 39  0 24  0 34  0 34  0  0  0 34 34 38 39 34  0  0 11  0  0  0  0 39 34 34  0  0  0 34 34 39 34  0 21 38  4  0 34 24 39  0 34  0  0  5  0 39  0 34  0  0
  0  0 36  0 34  0 34  0 24 36 34 13 34 36  0  0 36  0  0  0  0 34  1 34  0  0  1 34 26 34  0  0 36 26 34 34  0 26  0  0 34  0  0  0 26  0  0  0  9 34  0 34 13 11 36 26 34  0  0  0  0 26 13  5 36 34  0 34  0 34  1  0  0  0 36  3 34  0 26  0 26  0  0  0 16 16 34 36 26  0  0 34  4  0  0  0 36 26 26  0  1  0 26 26 36 11  0 34 34 34  0 16 34 36  0 24  0  0  0  0 36  0 11  0  0
  0  0 36  0 34  0 34 24  0 36 34 17 34 36  0  0 36  0  0  0  0 34  0 34  9  3 24 34 26 34  0  0 36 26 34 34  0 26  0  0 34  0  0  0 26  0  0  0  0 34  0 34 17 11 36 26 34  0  0  0  1 26 17  0 36 34  1 34  0 34  0  0  0  0 36  0 34  2 26  0 26  0  7  0 11 11 34 36 26  0  0 34  0  0  0  0 36 26 26  2  0  0 26 26 36 11  0 34 34 34  0 11 34 36  0  4  0  0  0  0 36  0 11  0  0
  0  0 17  0 39  2 39 36 36  0 39 36 41 14  0  0  9  0  0  0  0 41  0 41  0  0 36 41 35 41  0  0  3 35 39 41  0 35  0  0 41  0  0  2 35  0  0  0  0 41  0 41 36 36 14 35 41  0  0  0  2 35 36  0 11 39  0 39  0 39  0  0  0  0 17  0 39  0 35  0 35  0  0  0 36 36 41 19 35  0  0 39  0  0  0  0 11 35 35  0  0  0 35 35 19 36  0 39 41 39  0 36 39 19  0 36  0  0  0  0 14  0 36  0  4
  0  0 39  0 21  0 21 34 34 39  0 34 38 39  0  0 39  0  3  0  0 38  0 38  0  0 34 38 34 38  1  0 39 34 21 38  0 34  0  0 38  2  0  0 34  0  0  0  0 38  0 38 34 34 39 34 38  0  0  0  0 34 34  0 39 17  0  8  0 17  7  0  0  0 39  0 22  0 34  0 34  0  0  0 34 34 38 39 34  2  2 17  0  0  0  0 39 34 34  0  0  0 34 34 39 34  0  8 38 21  0 34 22 39  0 34  0  5  0  0 39  0 34  0  0
  0  0 36  0 34  0 34 13 17 36 34  0 34 36  0  0 36  0  0  0  0 34  0 34  0  0 13 34 26 34  1  0 36 26 34 34  0 26  0  0 34  0  0  0 26  0  0  0  0 34  0 34  6 16 36 26 34  0  0  0  0 26  3  0 36 34  0 34  0 34  0  0  0  0 36  0 34  0 26  0 26  0  0  0 19 19 34 36 26  0  0 34  2  0  0  0 36 26 26  3  2  0 26 26 36 16  0 34 34 34  0 19 34 36  0 17  0  0  0  0 36  0 16  0  0
  0  0 41  0 38  0 38 34 34 41 38 34  0 41  0  0 41  1  0  8  1 15  0 23  0  0 34 23 35 24  0  0 41 35 38 24  0 35  0  0 15  0  0  0 35  0  0  0  0 24  0  6 34 34 41 35 15  0  0  0  0 35 34  0 41 38  0 38  2 38  0  0  0  0 41  0 38  0 35  0 35  0  0  0 34 34 15 41 35  0  0 38  0  0  0  0 41 35 35  0  0  0 35 35 41 34  0 38 23 38  0 34 38 41  0 34  0  0  0  8 41  0 34  2  0
  0  0 23  0 39  0 39 36 36 14 39 36 41  0  0  0 14  0  0  0  0 41  0 41  0  0 36 41 35 41  0  0 14 35 39 41  0 35  0  0 41  0  7  0 35  0  1  0  0 41  0 41 36 36  6 35 41  0  0  0  0 35 36  0 13 39  0 39  0 39  0  0  0  0 23  0 39  0 35  0 35  0  0  0 36 36 41 24 35  0  0 39  0  0  0  0 13 35 35  0  0  0 35 35 24 36  3 39 41 39  7 36 39 24  0 36  0  0  0  0  1  0 36  0  0
 34 10  0 34  7 39  0  0  0  0  0  0  0  0  0 38  0 38 25 38 24  0 34  1 34 34  0  0  1  0  4 38  0  0 10  1 34  0 39 38  0 34 39 39  0 38 39 38 34  0 25  0  0  0  0  0  0 34 38 39 39  0  0 34  0  0 34  0 38  0 21 34 16 34  0 34  0 34  0 34  0 16 34 39  0  0  0  0  0 38 16  1 34 34 24 38  0  0  0 34 34 34  0  0  0  0 39  4  0  0 39  0  0  0 39  0 34 21 25 38  0 34  0 38 39
 35 38  0 35  0 41  0  0  0  0  0  0  0  0 38  0  0 25 38 15 38  3 34  0 34 34  0  1  0  0 38 23  0  0  0  0 35  0 41  9  0 35 41 41  0 15 41 15 34  1 38  0  0  0  0  0  5 35 15 41 41  0  0 34  0  0 34  1 23  0 38 35 38 35  0 34  0 34  0 35  0 38 34 41  0  0  0  0  0  5 38  0 34 35 38 25  0  0  0 34 34 35  0  0  0  1 41  0  0  0 41  0  0  0 41  0 35 38 38 15  0 35  0 15 41
  0  0 17  0 39  0 39 36 36  9 39 36 41 14  0  0  0  0  0  0  0 41  0 41  0  0 36 41 35 41  0  0  9 35 39 41  0 35  2  0 41  0  0  0 35  0  0  0  0 41  0 41 36 36 14 35 41  0  0  1  7 35 36  0 11 39  0 39  0 39  0  0  0  0 17  0 39  1 35  0 35  0  0  0 36 36 41 19 35  0  0 39  0  0  0  0 11 35 35  0  0  0 35 35 19 36  0 39 41 39  0 36 39 19  0 36  0  0  0  0 14  0 36  0  2
 35 38  0 35  0 41  0  0  0  0  0  0  1  0 38 25  0  0 38 23 38  1 34  4 34 34  0  3  0  0 38 11  0  0  0  0 35  0 41 25  0 35 41 41  0 15 41 15 34  0 38  0  0  0  0  0  0 35 15 41 41  0  0 34  0  0 34  0 11  0 38 35 38 35  0 34  0 34  0 35  0 38 34 41  0  0  3  0  0 25 38  0 34 35 38  6  0  0  0 34 34 35  0  0  0  0 41  0  2  0 41  0  0  0 41  0 35 38 38 23  0 35  0 23 41
 34 25  0 34  0 39  7  0  0  0  3  0  0  0 25 38  0 38  0 38 11  0 34  0 34 34  0  0  0  2 25 38  0  0  0  0 34  0 39 38  0 34 39 39  0 38 39 38 34  0  4  0  0  0  0  0  0 34 38 39 39  0  0 34  0  0 34  0 38  2 21 34 24 34  0 34  0 34  0 34  0 24 34 39  0  0  0  0  0 38 24  0 34 34 11 38  0  0  0 34 34 34  0  0  0  0 39  0  0  5 39  0  0  0 39  0 34 21  5 38  0 34  0 38 39
 35 38  0 35  0 41  0  0  0  0  0  0  8  0 38 15  0 23 38  0 38  0 34  0 34 34  0  4  0  0 38 24  0  0  0  0 35  1 41 15  0 35 41 41  0 15 41 15 34  1 38  3  0  0  0  0  0 35 15 41 41  0  2 34  0  1 34  1 24  0 38 35 38 35  0 34  0 34  0 35  0 38 34 41  0  0  0  0  0 15 38  0 34 35 38 23  0  0  0 34 34 35  0  0  0  0 41  0  0  0 41  0  0  0 41  0 35 38 38  9  0 35  0  6 41
 34 24  0 34  0 39  3  0  0  0  0  0  1  0 24 38  0 38 11 38  0  0 34  0 34 34  0  0  0  0 24 38  0  0  0  0 34  0 39 38  0 34 39 39  0 38 39 38 34  0 11  0  0  0  0  0  0 34 38 39 39  0  0 34  0  4 34  0 38  3 17 34 14 34  0 34  0 34  0 34  0 14 34 39  0  0  0  0  0 38 14  2 34 34  3 38  0  0  0 34 34 34  0  0  0  0 39  0  0  0 39  0  1  0 39  0 34 17 11 38  0 34  0 38 39
  0  0 41  0 38  0 38 34 34 41 38 34 15 41  0  3 41  1  0  0  0  0  0 25  0  0 34 25 35 23  0  0 41 35 38 23  0 35  0  2 15  0  0  0 35  0  0  0  0 23  0 15 34 34 41 35  3  0  0  0  0 35 34  0 41 38  0 38  0 38  0  0  0  0 41  0 38  0 35  0 35  0  0  0 34 34 15 41 35 10  0 38  0  0  0  0 41 35 35  0  0  0 35 35 41 34  0 38 25 38  0 34 38 41  0 34  0  1  0  0 41  1 34  0  0
 26 34  0 26  0 36  0  1  0  0  0  0  0  0 34 34  0 34 34 34 34  0  0  0 11 23  0  0  0  0 34 34  0  0  0  0 26  0 36 34  0 26 36 36  0 34 36 34 16  0 34  0  0  0  0  0  0 26 34 36 36  0  0 16  0  0  2  0 34  0 34 26 34 26  0 23  0 11  0 26  0 34 11 36  4  9  0  0  0 34 34  0 16 26 34 34  0  0  0 19 19 26  0  0  0  0 36  0  0  0 36  6  0  0 36  4 26 34 34 34  0 26  0 34 36
  0  0 41  0 38  0 38 34 34 41 38 34 23 41  1  0 41  4  0  0  0 25  0  0  0  0 34  6 35 11  0  0 41 35 38 11  0 35  0  0 15  0  0  0 35  1  0  0  0 11  0 23 34 34 41 35 25  0  0  0  0 35 34  0 41 38  0 38  0 38  0  0  0  0 41  0 38  0 35  0 35  0  0  0 34 34 15 41 35  0  0 38  0  0  0  9 41 35 35  0  0  0 35 35 41 34  0 38  9 38  0 34 38 41  0 34  0  0  0  0 41  0 34  0  0
 26 34  0 26  0 36  0  0  9  0  0  0  0  0 34 34  0 34 34 34 34  0 11  0  0 11  0  0  0  0 34 34  0  0  0  1 26  0 36 34  0 26 36 36  1 34 36 34 24  0 34  0  2  0  0  0  0 26 34 36 36  0  0 24  0  0 11  0 34  0 34 26 34 26  0 11  0 10  0 26  0 34  7 36  0  0  0  0  0 34 34  0 24 26 34 34  0  0  0 17 17 26  0  0  0  0 36  0  0  0 36  2  0  0 36  9 26 34 34 34  0 26  1 34 36
 26 34  0 26  0 36  1  0  3  0  0  0  0  0 34 34  0 34 34 34 34  0 23  0 11  0  1  0  0  0 34 34  0  0  0  0 26  0 36 34  0 26 36 36  0 34 36 34 11  0 34  0  0  7  0  0  0 26 34 36 36  0  0 11  0  0 23  0 34  0 34 26 34 26  0 10  0 11  0 26  0 34 11 36  0  0  0  0  0 34 34  0 11 26 34 34  0  0  0 16 16 26  0  0  0  4 36  0  0  0 36  0  0  0 36  0 26 34 34 34  0 26  5 34 36
  0  0 36  0 34  0 34  1 24 36 34 13 34 36  0  0 36  0  0  0  0 34  0 34  0  1  0 34 26 34  0  0 36 26 34 34  0 26  0  0 34  0  0  0 26  0  0  0 10 34  0 34 13 11 36 26 34  2  0  0  0 26 13 10 36 34  1 34  0 34  0  0  0  0 36  0 34  0 26  0 26  0  0  0 16 16 34 36 26  0  0 34  5  0  0  0 36 26 26  0  0  0 26 26 36 11  0 34 34 34  0 16 34 36  0 24  0  0  0  0 36  0 11  0  0
  0  0 41  0 38  0 38 34 34 41 38 34 23 41  0  1 41  3  0  4  0 25  0  6  0  0 34  0 35 11  0  0 41 35 38 11  0 35  0  0 15  0  0  0 35  0  0  3  0 11  0 23 34 34 41 35 25  0  0  0  0 35 34  0 41 38  0 38  0 38  0  0  0  0 41  0 38  0 35  0 35  0  1  0 34 34 15 41 35  0  0 38  0  0  0  7 41 35 35  0  0  1 35 35 41 34  0 38  5 38  0 34 38 41  0 34  0  0  0  0 41  0 34  0  0
  2  0 35  1 34  0 34 26 26 35 34 26 35 35  1  0 35  0  0  0  0 35  0 35  0  0 26 35  0 35  0  0 35 25 34 35  0 25  0  0 35  0  0  0 25  0  1  0  0 35  1 35 26 26 35 18 35  0  0  0  0 22 26  0 35 34  0 34  0 34  0  1  0  0 35  0 34  0 18  8 10  0  0  0 26 26 35 35  5  0  0 34  0  0  0  0 35 22 13  0  0  0 13 13 35 26  0 34 35 34  0 26 34 35  0 26  0  0  0  0 35  0 26  0  0
  0  0 41  0 38  0 38 34 34 41 38 34 24 41  0  0 41  0  2  0  0 23  0 11  0  0 34 11 35  0  0  8 41 35 38  6  0 35  0  0 22  0  0  0 35  0  0  0  0  5  0 24 34 34 41 35 23  0  0  0  0 35 34  0 41 38  0 38 10 38  0  0  0  0 41  0 38  0 35  0 35  0  0  0 34 34 22 41 35  0  0 38  0  0  0  0 41 35 35  0  0  0 35 35 41 34  0 38 11 38  0 34 38 41  0 34  0  0  0  1 41  0 34  0  0
 34  5  0 34  9 39  0  0  0  0  1  1  0  0  4 38  0 38 25 38 24  0 34  0 34 34  0  0  0  0  0 38  0  0  7  0 34  0 39 38  0 34 39 39  0 38 39 38 34  0 25  0  0  0  0  0  0 34 38 39 39  0  0 34  0  0 34  0 38  0 21 34 16 34  0 34  0 34  0 34  0 16 34 39  0  0  0  0  0 38 16  0 34 34 24 38  0  0  0 34 34 34  0  0  0  0 39  0  0  0 39  0  0  0 39  0 34 21 25 38  0 34  0 38 39
 35 38  0 35  0 41  0  0  0  0  0  0  0  0 38 23  0 11 38 24 38  0 34  0 34 34  0  0  0  8 38  0  0  0  0  4 35  0 41 23  1 35 41 41  0 22 41 22 34  7 38  0  0  0  0  0  0 35 22 41 41  0  0 34  0  0 34  0  6  0 38 35 38 35  0 34  0 34  0 35  0 38 34 41  0  0  0  0  0 23 38  0 34 35 38 11  0  0  0 34 34 35  0  0  0  0 41  0  0  0 41  0  0  0 41  0 35 38 38 24  0 35  0 24 41
  0  0 17  0 39  0 39 36 36  3 39 36 41 14  0  0  9  0  0  0  0 41  0 41  0  0 36 41 35 41  0  0  0 35 39 41  0 35  0  0 41  0  0  0 35  0  3  0  0 41  0 41 36 36 14 35 41  0  0  0  1 35 36  0 11 39  0 39  0 39  0  0  0  0 17  0 39  0 35  0 35  0  0  0 36 36 41 19 35  0  0 39  0  0  0  0 11 35 35  0  0  0 35 35 19 36  0 39 41 39  0 36 39 19  0 36  0  0  0  0 14  0 36  0  1
  0  0 35  0 34  0 34 26 26 35 34 26 35 35  0  0 35  0  0  0  0 35  0 35  0  0 26 35 25 35  0  0 35  0 34 35  0  2  0  0 35  1  0  0  8  0  0  0  0 35  0 35 26 26 35 11 35  0  0  0  0 25 26  0 35 34  0 34  0 34  0  0  0  0 35  0 34  0 11  0 25  0  0  0 26 26 35 35 25  0  0 34  0  4  0  0 35 25 21  0  0  0 21 21 35 26  0 34 35 34  0 26 34 35  0 26  0  0  0  0 35  4 26  0  0
  0  7 39  0  9  0 25 34 34 39 21 34 38 39 10  0 39  0  0  0  0 38  0 38  0  0 34 38 34 38  7  0 39 34  0 38  0 34  0  0 38  0  0  0 34  0  0  0  0 38  0 38 34 34 39 34 38  0  0  0  0 34 34  0 39 24  0 21  0 24  0  0  0  0 39  0 16  0 34  0 34  0  0  0 34 34 38 39 34  0  0 24  0  0  0  0 39 34 34  0  0  0 34 34 39 34  0 21 38 25  0 34 16 39  0 34  0  0  0  0 39  1 34  0  0
  1  0 41  0 38  0 38 34 34 41 38 34 24 41  1  0 41  0  0  0  0 23  0 11  1  0 34 11 35  6  0  4 41 35 38  0  0 35  0  1 22  0  0  0 35  1  1  0  0 10  3 24 34 34 41 35 23  0  0  0  0 35 34  0 41 38  0 38  9 38  0  1  0  0 41  0 38  0 35  0 35  0  0  0 34 34 22 41 35  0  0 38  0  0  0  0 41 35 35  0  0  0 35 35 41 34  0 38 11 38  0 34 38 41  0 34  0  0  0  0 41  0 34  0  0
 20 34  0 22  0 35  0  0  0  0  0  0  0  0 34 35  0 35 34 35 34  0 26  0 26 26  0  0  0  0 34 35  0  0  0  0  0  0 35 35  0 20 35 35  0 35 35 35 26  0 34  0  0  1  0  0  0 14 35 35 35  6  0 26  0  0 26  0 35  0 34  4 34  1  0 26  0 26  0 22  0 34 26 35  0  1  0  0  1 35 34  0 26 25 34 35  0  8  0 26 26 20  0  0  0  0 35  0  0  0 35  0  0  0 35  0 14 34 34 35  0 25  0 35 35
  0  0 35  0 34  0 34 26 26 35 34 26 35 35  0  0 35  0  0  1  0 35  0 35  0  0 26 35 25 35  0  0 35  2 34 35  0  0  0  0 35  0  0  0  2  0  0  0  1 35  0 35 26 26 35 11 35  0  0  0  0 25 26  0 35 34  0 34  0 34  0  0  0  1 35  0 34  0 11  0 25  0  0  0 26 26 35 35 25  0  0 34  0  5  0  0 35 25 21  0  0  2 21 21 35 26  0 34 35 34  0 26 34 35  0 26  0  0  0  0 35  4 26  0  0
 35 39  5 35  0  4  0  0  0  0  0  0  0  0 39 41  2 41 39 41 39  0 36  0 36 36  0  0  0  0 39 41  0  0  0  0 35  0  0 41  0 35 23 24  0 41 24 41 36  0 39  0  0  0  0  0  0 35 41 24 17  0  0 36  0  0 36  0 41  0 39 35 39 35  2 36  0 36  0 35  0 39 36 24  0  0  0  0  0 41 39  0 36 35 39 41  0  0  0 36 36 35  0  0  0  0  6  0  0  0 23  0  0  0 24  0 35 39 39 41  0 35  0 41 17
 35 38  0 35  0 41  0  0  0  0  0  0  0  0 38  9  0 25 38 15 38  2 34  0 34 34  0  0  0  0 38 23  0  0  0  1 35  0 41  0  0 35 41 41  0 15 41 15 34  0 38  0  0  0  0  0  8 35 15 41 41  0  0 34  0  0 34  0 23  0 38 35 38 35  0 34  0 34  0 35  0 38 34 41  0  0  0  0  0  7 38  0 34 35 38 25  0  0  0 34 34 35  0  0  0  0 41  0  0  0 41  0  0  0 41  0 35 38 38 15  0 35  0 15 41
  0  0 41  0 38  0 38 34 34 41 38 34 15 41  0  0 41  0  0  0  0 15  0 15  0  0 34 15 35 22  0  1 41 35 38 22  0 35  0  0  0  0  0  0 35  6  0  4  0 22  0 15 34 34 41 35 15  0  9  0  0 35 34  0 41 38  0 38  0 38  0  0  0  0 41  0 38  0 35  0 35  0  0  0 34 34 10 41 35  0  0 38  0  0  0  1 41 35 35  0  2  0 35 35 41 34  0 38 15 38  0 34 38 41  0 34  0  0  0  0 41  0 34  0  0
  3 34  0 18  0 35  0  0  0  0  2  0  0  0 34 35  0 35 34 35 34  0 26  0 26 26  0  0  0  0 34 35  0  1  0  0 20  0 35 35  0  0 35 35  0 35 35 35 26  0 34  0  0  1  0  7  0 21 35 35 35  0  0 26  0  0 26  0 35  0 34 20 34 20  0 26  0 26  7 18  0 34 26 35  0  0  0  0  1 35 34  0 26 11 34 35  0  0  1 26 26 10  0  0  0  0 35  0  0  0 35  0  0  0 35  0 21 34 34 35  0 11  0 35 35
 35 39  0 35  0 23  0  0  0  0  0  0  0  7 39 41  0 41 39 41 39  0 36  0 36 36  0  0  0  0 39 41  0  0  0  0 35  0 23 41  0 35  0 13  0 41 13 41 36  0 39  1  0  0  8  0  0 35 41 13 14  0  0 36  0  0 36  0 41  0 39 35 39 35  0 36  0 36  0 35  0 39 36 24  0  0  0  0  0 41 39  0 36 35 39 41  0  0  0 36 36 35  0  0  0  0 23  0  0  0  1  0  0  0 24  0 35 39 39 41  7 35  0 41 14
 35 39  0 35  0 24  0  0  0  2  0  0  0  0 39 41  0 41 39 41 39  0 36  0 36 36  0  0  0  0 39 41  0  0  0  0 35  0 24 41  0 35 13  0  0 41  5 41 36  0 39  0  0  0  0  0  0 35 41  1 11  0  0 36 10  0 36  0 41  0 39 35 39 35  0 36  0 36  0 35  0 39 36 25  0  0  0  0  0 41 39  0 36 35 39 41  2  0  0 36 36 35  0  0  0  1 24  0  0  0 13  0  0  0 25  0 35 39 39 41  3 35  0 41 11
  0  0 35  0 34  0 34 26 26 35 34 26 35 35  0  0 35  0  0  0  0 35  0 35  1  0 26 35 25 35  0  0 35  8 34 35  0  2  0  0 35  0  0  0  0  1  0  0  0 35  0 35 26 26 35 11 35  0  0  0  0 25 26  0 35 34  0 34  0 34  0  0  0  0 35  0 34  0 11  0 25  0  0  0 26 26 35 35 25  0  0 34  0  3  0  0 35 25 21  0  0  0 21 21 35 26  0 34 35 34  0 26 34 35  0 26  0  0  0  0 35  9 26  0  0
 35 38  0 35  0 41  0  0  0  0  0  0  0  0 38 15  0 15 38 15 38  0 34  1 34 34  0  0  0  0 38 22  0  0  0  1 35  0 41 15  6 35 41 41  1  0 41  7 34  0 38  0  0  0  0  0  0 35 10 41 41  0  0 34  0  0 34  0 22  0 38 35 38 35  0 34  0 34  0 35  0 38 34 41  0  0  6  0  0 15 38  0 34 35 38 15  0  0  0 34 34 35  1  0  0  0 41  0  0  0 41  0  0  0 41  0 35 38 38 15  0 35  0 15 41
 35 39  0 35  0 24  0  0  0  0  0  0  0  1 39 41  0 41 39 41 39  0 36  0 36 36  0  0  1  0 39 41  3  0  0  1 35  0 24 41  0 35 13  5  0 41  0 41 36  0 39  0  1  0  0  0  0 35 41  2 11  0  0 36  3  0 36  0 41  0 39 35 39 35  0 36  0 36  0 35  0 39 36 25  0  0  0  0  0 41 39  0 36 35 39 41  4  0  0 36 36 35  0  0  0  0 24  0  0  0 13  1  0  0 25  0 35 39 39 41  0 35  1 41 11
 35 38  0 35  0 41  0  0  0  0  0  0  0  0 38 15  0 15 38 15 38  0 34  0 34 34  0  3  0  0 38 22  0  0  0  0 35  0 41 15  4 35 41 41  0  7 41  0 34  1 38  0  0  0  0  0  0 35  4 41 41  0  0 34  0  1 34  0 22  0 38 35 38 35  0 34  0 34  0 35  0 38 34 41  0  0 10  0  0 15 38  0 34 35 38 15  0  0  0 34 34 35  0  0  0  0 41  0  0  0 41  0  0  0 41  0 35 38 38 15  0 35  0 15 41
 26 34  0 26  0 36  0  9  0  0  0  0  0  0 34 34  0 34 34 34 34  0 16  0 24 11 10  0  0  0 34 34  0  0  0  0 26  1 36 34  0 26 36 36  0 34 36 34  0  0 34  0  0  0  0  0  0 26 34 36 36  0  1  9  0  0 16  1 34  0 34 26 34 26  0 11  0 24  0 26  0 34 24 36  2  0  0  0  0 34 34  0  5 26 34 34  0  0  0 13 13 26  0  0  0  2 36  0  0  0 36  0  0  0 36  0 26 34 34 34  0 26  0 34 36
  0  2 41  0 38  0 38 34 34 41 38 34 24 41  0  1 41  0  0  1  0 23  0 11  0  0 34 11 35  5  0  7 41 35 38 10  0 35  0  0 22  0  0  0 35  0  0  1  0  0  0 24 34 34 41 35 23  0  0  0  0 35 34  0 41 38  0 38  8 38  0  0  0  0 41  0 38  0 35  0 35  0  0  0 34 34 22 41 35  0  0 38  0  0  0  0 41 35 35  0  0  0 35 35 41 34  0 38 11 38  0 34 38 41  0 34  0  0  0  0 41  0 34  0  0
 34 25  0 34  0 39  8  0  0  0  0  0  0  0 25 38  0 38  4 38 11  0 34  0 34 34  0  0  1  0 25 38  0  0  0  3 34  0 39 38  0 34 39 39  0 38 39 38 34  0  0  0  0  0  0  0  0 34 38 39 39  0  0 34  0  0 34  0 38  0 21 34 24 34  0 34  0 34  0 34  0 24 34 39  0  0  0  0  0 38 24  1 34 34 11 38  0  0  0 34 34 34  0  0  0  0 39  0  0  3 39  0  0  0 39  0 34 21  2 38  0 34  0 38 39
  0  0 41  0 38  0 38 34 34 41 38 34  6 41  0  0 41  0  0  3  0 15  0 23  0  0 34 23 35 24  0  0 41 35 38 24  0 35  0  0 15  0  1  0 35  0  0  0  0 24  0  0 34 34 41 35 15  0  0  0  0 35 34  0 41 38  0 38  0 38  0  0  0  0 41  0 38  0 35  0 35  0  0  0 34 34 15 41 35  0  0 38  0  0  0  2 41 35 35  0  0  0 35 35 41 34  0 38 23 38  0 34 38 41  0 34  0  0  0 10 41  0 34 10  0
  0  0 36  0 34  0 34 13 17 36 34  6 34 36  0  0 36  0  0  0  0 34  0 34  2  0 13 34 26 34  0  0 36 26 34 34  0 26  0  0 34  0  0  0 26  0  1  0  0 34  0 34  0 16 36 26 34  0  0  0  0 26  6  2 36 34  0 34  0 34  0  0  0  0 36  0 34  0 26  0 26  0  0  0 19 19 34 36 26  0  0 34  0  0  0  0 36 26 26  8  2  0 26 26 36 16  0 34 34 34  0 19 34 36  0 17  0  0  0  0 36  0 16  0  0
  0  0 36  0 34  0 34 11 11 36 34 16 34 36  0  0 36  0  0  0  0 34  0 34  0  7 11 34 26 34  0  0 36 26 34 34  1 26  0  0 34  1  0  0 26  0  0  0  0 34  0 34 16  0 36 26 34  0  0  0  0 26 16  0 36 34  0 34  0 34  0  0  0  0 36  3 34  2 26  0 26  0  0  0 23 23 34 36 26  0  0 34  2  0  0  0 36 26 26  0  0  0 26 26 36  4  0 34 34 34  0 23 34 36  0 11  0  0  0  1 36  0  9  0  0
  0  0 23  0 39  0 39 36 36 14 39 36 41  6  0  0 14  0  0  0  0 41  0 41  0  0 36 41 35 41  0  0 14 35 39 41  0 35  0  0 41  0  8  0 35  0  0  0  0 41  0 41 36 36  0 35 41  0  0  1  0 35 36  0 13 39  0 39  0 39  0  0  0  0 23  0 39  1 35  0 35  0  0  0 36 36 41 24 35  0  0 39  0  0  0  0 13 35 35  0  0  0 35 35 24 36  0 39 41 39  3 36 39 24  0 36  0  0  0  1 10  0 36  0  0
  5  0 35  0 34  0 34 26 26 35 34 26 35 35  0  0 35  0  0  0  0 35  0 35  0  0 26 35 18 35  0  0 35 11 34 35  0 11  0  0 35  7  0  0 11  0  0  0  0 35  0 35 26 26 35  0 35  2  0  0  0 20 26  0 35 34  0 34  0 34  0  0  0  0 35  0 34  0 10  0 18  0  0  0 26 26 35 35 18  0  0 34  0  0  0  0 35 20 21  1  0  7 21 21 35 26  0 34 35 34  1 26 34 35  0 26  0  0  0  0 35  4 26  0  0
  0  0 41  0 38  0 38 34 34 41 38 34 15 41  0  5 41  0  0  0  0  3  0 25  0  0 34 25 35 23  0  0 41 35 38 23  0 35  0  8 15  0  0  0 35  0  0  0  0 23  0 15 34 34 41 35  0  0  0  0  0 35 34  0 41 38  0 38  0 38  0  0  0  0 41  0 38  0 35  0 35  0  0  0 34 34 15 41 35  2  0 38  0  0  0  1 41 35 35  0  0  0 35 35 41 34  0 38 25 38  0 34 38 41  0 34  0  0  0  0 41  0 34  0  1
 21 34  0 13  0 35  0  0  0  0  0  0  0  0 34 35  0 35 34 35 34  0 26  0 26 26  2  0  0  0 34 35  0  0  0  0 14  0 35 35  0 21 35 35  0 35 35 35 26  0 34  0  0  0  0  2  0  0 35 35 35  0  0 26  0  0 26  0 35  0 34 14 34 14  0 26  0 26  0 13  0 34 26 35  0  0  2  0  0 35 34  0 26 21 34 35  0  3  4 26 26 21  5 10  0  0 35  0  0  0 35  0  1  0 35  0  7 34 34 35  0 21  0 35 35
 35 38  0 35  0 41  0  0  0  0  0  0  0  0 38 15  0 15 38 15 38  0 34  0 34 34  0  0  0  0 38 22  0  0  0  0 35  0 41 15  9 35 41 41  0 10 41  4 34  0 38  0  0  0  0  0  0 35  0 41 41  0  0 34  0  0 34  0 22  0 38 35 38 35  0 34  0 34  0 35  0 38 34 41  0  0  9  0  0 15 38  0 34 35 38 15  0  0  0 34 34 35  0  0  0  0 41  0  2  0 41  0  0  0 41  0 35 38 38 15  0 35  0 15 41
 35 39  0 35  0 24  0  0  0  0  0  0  0  0 39 41  1 41 39 41 39  0 36  0 36 36  0  0  0  0 39 41  0  0  0  0 35  0 24 41  0 35 13  1  0 41  2 41 36  0 39  0  0  0  1  0  0 35 41  0 11  0  0 36  3  0 36  0 41  0 39 35 39 35  0 36  0 36  0 35  0 39 36 25  0  0  0  0  0 41 39  0 36 35 39 41 10  0  0 36 36 35  0  0  0  0 24  0  0  0 13  0  0  0 25  0 35 39 39 41  0 35  0 41 11
 35 39  0 35  0 17  0  0  1  2  0  0  0  0 39 41  7 41 39 41 39  0 36  0 36 36  0  0  0  0 39 41  1  0  0  0 35  0 17 41  0 35 14 11  0 41 11 41 36  0 39  0  0  0  0  0  0 35 41 11  0  0  0 36  0  0 36  0 41  0 39 35 39 35  1 36  0 36  0 35  0 39 36 19  0  0  0  0  0 41 39  0 36 35 39 41  1  0  0 36 36 35  0  0  0  0 17  0  0  0 14  0  0  0 19  0 35 39 39 41  0 35  0 41  5
  0  0 35  1 34  0 34 26 26 35 34 26 35 35  0  0 35  0  0  0  0 35  0 35  0  0 26 35 22 35  0  0 35 25 34 35  6 25  0  0 35  0  0  0 25  0  0  0  0 35  0 35 26 26 35 20 35  0  0  0  0  0 26  0 35 34  0 34  0 34  0  7  0  7 35  0 34  0 20  0 22  0  0  0 26 26 35 35 22  0  0 34  0  1  0  0 35 10 14  0  0  0 14 14 35 26  0 34 35 34  0 26 34 35  0 26  2  0  0  0 35  0 26  0  0
  0  0 36  0 34  2 34 13 17 36 34  3 34 36  0  0 36  0  0  2  0 34  0 34  0  0 13 34 26 34  0  0 36 26 34 34  0 26  0  0 34  0  0  0 26  0  0  0  1 34  0 34  6 16 36 26 34  0  0  0  0 26  0  0 36 34  0 34  0 34  0  0  0  0 36  0 34  0 26  0 26  0  1  0 19 19 34 36 26  0  0 34  0  0  0  0 36 26 26  1  5  0 26 26 36 16  0 34 34 34  0 19 34 36  0 17  0  0  1  0 36  0 16  0  0
 26 34  0 26  0 36  0  5  0  0  0  0  0  0 34 34  0 34 34 34 34  0 16  0 24 11 10  0  0  0 34 34  0  0  0  0 26  0 36 34  0 26 36 36  0 34 36 34  9  0 34  0  2  0  0  0  0 26 34 36 36  0  0  0  0  0 16  0 34  0 34 26 34 26  0 11  0 24  0 26  0 34 24 36  0  0  0  0  0 34 34  0  9 26 34 34  0  0  0 13 13 26  0  0  0  0 36  0  0  0 36  0  0  0 36  0 26 34 34 34  0 26  2 34 36
  0  0 24  0 39  0 39 36 36 11 39 36 41 13  0  0 11  0  0  0  0 41  0 41  0  0 36 41 35 41  0  0 11 35 39 41  0 35  0  0 41  0  0 10 35  0  3  0  0 41  0 41 36 36 13 35 41  0  0  3  0 35 36  0  0 39  0 39  0 39  0  0  0  0 24  0 39  0 35  0 35  0  0  2 36 36 41 25 35  0  0 39  0  0  0  0  4 35 35  0  0  0 35 35 25 36  0 39 41 39  0 36 39 25  0 36  1  0  0  0 13  0 36  0  2
  0  0 39  0 24  0 11 34 34 39 17 34 38 39  0  0 39  0  0  1  4 38  0 38  0  0 34 38 34 38  0  0 39 34 24 38  0 34  0  0 38  0  0  0 34  0  0  1  0 38  0 38 34 34 39 34 38  0  0  0  0 34 34  0 39  0  0 17  0  2  0  0  0  0 39  0 14  0 34  0 34  0  0  0 34 34 38 39 34  0  0  4  0  0  4  0 39 34 34  0  0  0 34 34 39 34  0 17 38 11  0 34 14 39  0 34  0  0  0  0 39  0 34  0  0
 26 34  0 26  0 36  0  0  1  0  0  0  0  0 34 34  0 34 34 34 34  0  2  0 11 23  1  0  0  0 34 34  0  0  0  0 26  0 36 34  0 26 36 36  0 34 36 34 16  0 34  0  0  0  0  0  0 26 34 36 36  0  0 16  0  0  0  0 34  0 34 26 34 26  0 23  0 11  0 26  0 34 11 36  8  5  0  0  0 34 34  0 16 26 34 34  1  0  0 19 19 26  0  0  0  0 36  0  0  0 36  4  1  0 36  0 26 34 34 34  0 26  0 34 36
  0  1 39  0 21  0 21 34 34 39  8 34 38 39  0  1 39  0  0  1  0 38  0 38  0  0 34 38 34 38  0  0 39 34 21 38  0 34  0  0 38  0  0  0 34  0  0  0  1 38  0 38 34 34 39 34 38  0  0  0  0 34 34  0 39 17  0  0  0 17 10  0  2  0 39  0 22  0 34  0 34  0  0  0 34 34 38 39 34  0  0 17  0  0  0  0 39 34 34  0  0  0 34 34 39 34  0  6 38 21  0 34 22 39  0 34  0  5  1  0 39  0 34  0  0
 35 38  0 35  0 41  0  0  0  0  0  0  2  0 38 23  0 11 38 24 38  0 34  0 34 34  0  0  0 10 38  6  0  0  0  9 35  0 41 23  0 35 41 41  0 22 41 22 34  8 38  0  0  0  0  0  0 35 22 41 41  0  0 34  0  0 34  0  0  0 38 35 38 35  0 34  0 34  0 35  0 38 34 41  0  0  1  0  0 23 38  0 34 35 38 11  0  0  0 34 34 35  0  0  0  0 41  0  0  0 41  0  0  0 41  0 35 38 38 24  0 35  0 24 41
  0  0 39  0 24  0 11 34 34 39 17 34 38 39  0  0 39  0  2  0  3 38  0 38  0  0 34 38 34 38  0  0 39 34 24 38  0 34  0  0 38  0  0  0 34  0  0  0  0 38  0 38 34 34 39 34 38  0  0  0  0 34 34  0 39  2  0 17  0  0  0  0  0  0 39  0 14  0 34  0 34  0  0  0 34 34 38 39 34  0  3 10  1  0  1  0 39 34 34  0  0  0 34 34 39 34  0 17 38 11  0 34 14 39  0 34  0  0  0  0 39  0 34  0  0
 34 21  0 34  0 39  0  1  0  0  7  0  0  0 21 38  0 38 21 38 17  0 34  0 34 34  0  0  0  0 21 38  0  0  0  0 34  0 39 38  0 34 39 39  0 38 39 38 34  0 21  0  0  0  0  0  0 34 38 39 39  0  0 34  0  0 34 10 38  0  0 34 22 34  0 34  0 34  0 34  0 22 34 39  0  0  0  0  0 38 22  0 34 34 17 38  0  0  0 34 34 34  0  0  0  0 39  7  0  2 39  0  0  0 39  0 34  6 21 38  0 34  0 38 39
 20 34  0 22  0 35  0  0  0  0  0  0  0  0 34 35  0 35 34 35 34  0 26  0 26 26  0  0  1  0 34 35  0  0  0  1  4  0 35 35  0 20 35 35  0 35 35 35 26  0 34  0  0  0  0  0  0 14 35 35 35  7  0 26  0  0 26  0 35  0 34  0 34  1  0 26  0 26  0 22  0 34 26 35  0  0  0  0  0 35 34  0 26 25 34 35  0  4  0 26 26 20  1  0  0  0 35  0  0  0 35  0  0  0 35  0 14 34 34 35  0 25  2 35 35
 34 16  0 34  0 39  0  0  0  0  0  0  0  0 16 38  0 38 24 38 14  0 34  0 34 34  0  0  0  0 16 38  0  0  0  0 34  0 39 38  0 34 39 39  0 38 39 38 34  0 24  0  0  0  0  0  0 34 38 39 39  0  0 34  0  0 34  2 38  0 22 34  0 34  0 34  6 34  0 34  0  4 34 39  0  0  0  0  0 38  4  0 34 34 14 38  0  0  0 34 34 34  0  0  0  0 39  0  0  0 39  0  2  0 39  0 34 22 24 38  0 34  0 38 39
 20 34  0 22  0 35  0  0  0  0  0  0  0  0 34 35  0 35 34 35 34  0 26  0 26 26  0  0  0  0 34 35  0  0  0  0  1  1 35 35  0 20 35 35  0 35 35 35 26  0 34  0  0  0  0  0  0 14 35 35 35  7  0 26  0  0 26  0 35  0 34  1 34  0  0 26  0 26  0 22  2 34 26 35  1  0  0  0  0 35 34  0 26 25 34 35  0  3  0 26 26 20  0  3  0  1 35  0  0  0 35  0  0  0 35  0 14 34 34 35  0 25  0 35 35
  0  0  8  0 39  6 39 36 36 17 39 36 41 23  0  0 17  0  0  0  0 41  0 41  0  0 36 41 35 41  0  0 17 35 39 41  0 35  2  0 41  0  0  0 35  0  0  0  0 41  0 41 36 36 23 35 41  0  0  0  1 35 36  0 24 39  0 39  0 39  0  0  0  0  0  0 39  0 35  0 35  0  0  0 36 36 41 24 35  0  0 39  0  0  0  0 24 35 35  1  0  0 35 35 24 36  8 39 41 39  6 36 39 24  0 36  0  0  0  0 23  0 36  0  0
 26 34  0 26  0 36  0  3  0  0  0  0  0  0 34 34  0 34 34 34 34  0 23  0 11 10  0  0  0  0 34 34  0  0  0  0 26  0 36 34  0 26 36 36  0 34 36 34 11  0 34  0  0  3  0  0  0 26 34 36 36  0  0 11  0  0 23  0 34  0 34 26 34 26  0  0  0 11  0 26  0 34 11 36  0  0  0  0  0 34 34  0 11 26 34 34  0  0  0 16 16 26  0  0  0  6 36  0  0  0 36  0  0  0 36  2 26 34 34 34  0 26 10 34 36
  0  0 39  0 16  0 24 34 34 39 22 34 38 39  0  0 39  0  0  0  0 38  0 38  0  0 34 38 34 38  0  0 39 34 16 38  0 34  0  0 38  0  0  0 34  0  0  0  0 38  0 38 34 34 39 34 38  0  0  0  0 34 34  0 39 14  0 22  0 14  0  0  6  0 39  0  0  0 34  0 34  2  0  0 34 34 38 39 34  0  9 14  0  0  2  2 39 34 34  0  0  0 34 34 39 34  0 22 38 24  0 34  4 39  0 34  0  0  0  0 39  0 34  0  0
 26 34  0 26  0 36  0  0  2  0  0  0  0  0 34 34  1 34 34 34 34  0 11  0 10 11  0  0  0  0 34 34  0  0  0  0 26  0 36 34  0 26 36 36  0 34 36 34 24  0 34  0  0  2  1  0  0 26 34 36 36  0  0 24  0  0 11  0 34  0 34 26 34 26  0 11  0  0  0 26  0 34  1 36  0  3  0  0  0 34 34  0 24 26 34 34  0  0  0 17 17 26  0  0  0  0 36  0  0  0 36  0  0  1 36  6 26 34 34 34  0 26  0 34 36
  8  0 35  3 34  0 34 26 26 35 34 26 35 35  0  0 35  0  0  0  0 35  0 35  0  0 26 35 18 35  0  0 35 11 34 35  0 11  0  0 35  7  0  0 11  0  0  0  0 35  0 35 26 26 35 10 35  0  0  0  0 20 26  0 35 34  0 34  0 34  0  0  0  0 35  0 34  0  0  0 18  0  0  1 26 26 35 35 18  0  0 34  0  2  0  0 35 20 21  0  0  1 21 21 35 26  0 34 35 34  0 26 34 35  0 26  1  0  0  0 35  0 26  0  0
 18 34  0  1  0 35  0  0  0  0  0  0  0  0 34 35  0 35 34 35 34  0 26  0 26 26  0  0  8  0 34 35  0  0  0  0 22  0 35 35  0 18 35 35  0 35 35 35 26  0 34  0  0  0  0  0  0 13 35 35 35  0  0 26  0  0 26  0 35  0 34 22 34 22  0 26  0 26  0  0  6 34 26 35  0  0  0  0  4 35 34  0 26 25 34 35  0  0  0 26 26 18  0  0  0  0 35  0  0  0 35  0  0  0 35  0 13 34 34 35  0 25  0 35 35
  0  0 35  7 34  0 34 26 26 35 34 26 35 35  0  0 35  0  0  0  0 35  0 35  0  0 26 35 10 35  0  0 35 25 34 35  0 25  0  0 35  0  0  0 25  0  0  0  0 35  0 35 26 26 35 18 35  0  0  0  0 22 26  0 35 34  0 34  0 34  0  0  0  2 35  0 34  0 18  6  0  0  0  0 26 26 35 35  4  0  0 34  0  0  0  0 35 22 13  0  0  2 13 13 35 26  0 34 35 34  0 26 34 35  0 26  0  0  0  0 35  0 26  0  0
 34 16  0 34  0 39  0  0  0  0  0  0  0  0 16 38  0 38 24 38 14  0 34  0 34 34  0  0  0  0 16 38  0  0  0  0 34  0 39 38  0 34 39 39  0 38 39 38 34  0 24  0  0  0  0  0  0 34 38 39 39  0  0 34  0  0 34  0 38  0 22 34  4 34  0 34  2 34  0 34  0  0 34 39  0  0  0  1  0 38  3  2 34 34 14 38  0  0  0 34 34 34  0  0  0  0 39  5  0  0 39  0  1  0 39  0 34 22 24 38  0 34  0 38 39
 26 34  0 26  0 36  0  0  7  0  0  0  0  0 34 34  0 34 34 34 34  0 11  0  7 11  0  1  0  0 34 34  0  0  0  0 26  0 36 34  0 26 36 36  0 34 36 34 24  0 34  0  0  0  0  0  0 26 34 36 36  0  1 24  0  0 11  0 34  0 34 26 34 26  0 11  0  1  0 26  0 34  0 36  0  0  0  0  0 34 34  0 24 26 34 34  0  0  0 17 17 26  0  0  0  2 36  0  0  0 36  0  0  0 36  9 26 34 34 34  0 26  0 34 36
 35 39  1 35  0 24  0  0  0  0  0  0  0  0 39 41  0 41 39 41 39  0 36  0 36 36  0  0  0  0 39 41  0  0  0  0 35  0 24 41  0 35 24 25  0 41 25 41 36  0 39  0  0  0  0  0  0 35 41 25 19  0  0 36  2  0 36  0 41  0 39 35 39 35  0 36  0 36  1 35  0 39 36  0  0  0  0  3  0 41 39  0 36 35 39 41  0  0  0 36 36 35  0  0  5  0 24  0  0  1 24  0  0  8  2  0 35 39 39 41  0 35  0 41 19
  0  0 36  0 34  0 34 16 11 36 34 19 34 36  0  0 36  0  0  0  0 34  4 34  0  0 16 34 26 34  0  0 36 26 34 34  0 26  0  0 34  0  0  0 26  0  0  0  2 34  0 34 19 23 36 26 34  0  0  0  0 26 19  0 36 34  8 34  0 34  0  0  0  1 36  0 34  0 26  0 26  0  0  0  0  1 34 36 26  0  0 34  0  0  0  0 36 26 26  0  0  0 26 26 36 23  0 34 34 34  0  6 34 36  0 11  0  0  0  0 36  0 23  0  0
  0  0 36  0 34  0 34 16 11 36 34 19 34 36  0  0 36  0  0  0  0 34  9 34  0  0 16 34 26 34  0  0 36 26 34 34  1 26  0  0 34  0  0  0 26  0  0  0  0 34  0 34 19 23 36 26 34  0  0  0  0 26 19  0 36 34  5 34  0 34  0  0  0  0 36  0 34  3 26  0 26  0  0  0  1  0 34 36 26  0  0 34  0  0  0  0 36 26 26  0  0  0 26 26 36 23  0 34 34 34  0  6 34 36  0 11  0  0  0  0 36  0 23  0  0
  0  0 41  0 38  0 38 34 34 41 38 34 15 41  0  0 41  3  0  0  0 15  0 15  0  0 34 15 35 22  0  0 41 35 38 22  0 35  0  0 10  0  0  0 35  6  0 10  0 22  0 15 34 34 41 35 15  2  9  0  0 35 34  0 41 38  0 38  1 38  0  0  0  0 41  0 38  0 35  0 35  0  0  0 34 34  0 41 35  0  0 38  0  0  0  0 41 35 35  1  0  0 35 35 41 34  0 38 15 38  0 34 38 41  0 34  0  0  0  0 41  0 34  0  0
  0  0 24  0 39  0 39 36 36 19 39 36 41 24  0  0 19  0  0  0  0 41  0 41  0  0 36 41 35 41  0  0 19 35 39 41  0 35  0  0 41  0  0  0 35  0  0  0  0 41  0 41 36 36 24 35 41  0  0  0  0 35 36  0 25 39  0 39  0 39  0  0  0  0 24  0 39  0 35  0 35  1  0  3 36 36 41  0 35  0  0 39  0  0  0  0 25 35 35  0  0  0 35 35  9 36  0 39 41 39  0 36 39  4  2 36  0  0  0  0 24  0 36  0  0
  0  0 35  4 34  0 34 26 26 35 34 26 35 35  0  0 35  0  0  0  0 35  0 35  0  0 26 35  5 35  0  0 35 25 34 35  1 25  0  0 35  1  0  0 25  0  0  0  0 35  0 35 26 26 35 18 35  0  0  0  0 22 26  0 35 34  0 34  0 34  0  0  0  0 35  0 34  0 18  4  4  0  0  0 26 26 35 35  0  0  0 34  0  0  0  0 35 22 13  0  0  0 13 13 35 26  0 34 35 34  0 26 34 35  0 26  0  0  0  0 35  0 26  0  0
 35 38  0 35  0 41  0  0  0  0  2  0  0  0 38  5  0 25 38 15 38 10 34  0 34 34  0  0  0  0 38 23  0  0  0  0 35  0 41  7  0 35 41 41  0 15 41 15 34  0 38  0  0  0  0  0  2 35 15 41 41  0  0 34  0  0 34  0 23  0 38 35 38 35  0 34  0 34  0 35  0 38 34 41  0  0  0  0  0  0 38  0 34 35 38 25  0  0  0 34 34 35  0  0  0  0 41  0  1  0 41  0  0  0 41  0 35 38 38 15  0 35  0 15 41
 34 16  0 34  0 39  0  0  0  0  2  0  0  0 16 38  0 38 24 38 14  0 34  0 34 34  0  0  0  0 16 38  0  0  0  0 34  0 39 38  0 34 39 39  0 38 39 38 34  0 24  0  0  0  0  0  0 34 38 39 39  0  0 34  0  0 34  0 38  3 22 34  4 34  0 34  9 34  0 34  0  3 34 39  0  0  0  0  0 38  0  0 34 34 14 38  0  0  0 34 34 34  0  0  0  0 39  0  1  0 39  0  9  0 39  0 34 22 24 38  0 34  0 38 39
  0  0 39  0 24  0 11 34 34 39 17 34 38 39  1  0 39  0  0  0  2 38  0 38  0  0 34 38 34 38  0  0 39 34 24 38  0 34  0  0 38  0  0  0 34  0  0  0  0 38  1 38 34 34 39 34 38  0  0  0  0 34 34  0 39  4  0 17  0 10  0  0  0  0 39  0 14  0 34  0 34  2  0  0 34 34 38 39 34  0  0  0  0  0  5  0 39 34 34  0  0  0 34 34 39 34  0 17 38 11  0 34 14 39  0 34  0  0  0  0 39  0 34  0  0
 26 34  0 26  0 36  0  4  0  0  0  2  0  0 34 34  0 34 34 34 34  0 16  0 24 11  5  0  0  0 34 34  0  0  0  0 26  0 36 34  0 26 36 36  0 34 36 34  5  0 34  0  0  2  0  0  0 26 34 36 36  0  0  9  0  0 16  0 34  1 34 26 34 26  0 11  0 24  0 26  0 34 24 36  0  0  0  0  0 34 34  0  0 26 34 34  0  0  0 13 13 26  0  0  0  0 36  0  0  0 36  0  0  0 36  0 26 34 34 34  0 26  0 34 36
 11 34  0 25  0 35  0  0  0  0  0  0  0  0 34 35  0 35 34 35 34  0 26  0 26 26  0  0  0  0 34 35  0  4  0  0 25  5 35 35  0 11 35 35  3 35 35 35 26  0 34  0  0  0  0  0  0 21 35 35 35  1  0 26  0  0 26  0 35  0 34 25 34 25  0 26  0 26  2 25  0 34 26 35  0  0  0  0  0 35 34  0 26  0 34 35  0  0  0 26 26 11  0  0  0  0 35  0  0  0 35  0  0  0 35  1 21 34 34 35  0  7  0 35 35
 34 24  0 34  0 39  0  0  0  0  0  0  0  0 24 38  0 38 11 38  3  0 34  0 34 34  0  0  0  0 24 38  0  0  0  0 34  0 39 38  0 34 39 39  0 38 39 38 34  0 11  0  0  0  0  0  0 34 38 39 39  0  0 34  0  4 34  0 38  1 17 34 14 34  0 34  2 34  0 34  0 14 34 39  0  0  0  0  0 38 14  5 34 34  0 38  0  0  0 34 34 34  0  0  0  0 39  0  0  4 39  0  0  0 39  0 34 17 11 38  0 34  0 38 39
 35 38  0 35  0 41  0  0  0  0  0  0  0  0 38 25  0  6 38 23 38  0 34  9 34 34  0  7  0  0 38 11  0  0  0  0 35  0 41 25  1 35 41 41  0 15 41 15 34  0 38  2  0  0  0  0  1 35 15 41 41  0  0 34  0  0 34  0 11  0 38 35 38 35  0 34  2 34  0 35  0 38 34 41  0  0  0  0  0 25 38  0 34 35 38  0  0  0  0 34 34 35  0  0  0  0 41  0  7  0 41  0  0  0 41  0 35 38 38 23  0 35  0 23 41
  0  0 24  0 39  0 39 36 36 11 39 36 41 13  0  0 11  0  0  0  0 41  0 41  0  0 36 41 35 41  0  0 11 35 39 41  0 35  0  0 41  0  0  2 35  0  4  0  0 41  0 41 36 36 13 35 41  0  0 10  1 35 36  0  4 39  1 39  0 39  0  0  0  0 24  0 39  0 35  0 35  0  0  0 36 36 41 25 35  0  0 39  0  0  0  0  0 35 35  1  0  0 35 35 25 36  0 39 41 39  3 36 39 25  0 36  0  0  0  0 13  0 36  0  0
  0  0 35  0 34  0 34 26 26 35 34 26 35 35  0  0 35  0  0  0  0 35  0 35  0  0 26 35 22 35  0  0 35 25 34 35  8 25  0  0 35  0  0  0 25  0  0  0  0 35  0 35 26 26 35 20 35  3  0  0  0 10 26  0 35 34  0 34  0 34  0  4  0  3 35  0 34  0 20  0 22  0  0  0 26 26 35 35 22  0  0 34  0  0  0  0 35  0 14  1  0  0 14 14 35 26  0 34 35 34  0 26 34 35  0 26  0  0  0  0 35  0 26  0  0
  0  0 35  0 34  0 34 26 26 35 34 26 35 35  0  0 35  0  0  0  0 35  0 35  0  0 26 35 13 35  0  0 35 21 34 35  0 21  0  0 35  1  0  0 21  0  0  0  0 35  0 35 26 26 35 21 35  4  0  0  0 14 26  0 35 34  0 34  0 34  0  0  0  0 35  0 34  0 21  0 13  0  0  0 26 26 35 35 13  0  0 34  0  0  0  0 35 14  0  0  0  0  2  9 35 26  0 34 35 34  0 26 34 35  0 26  6  0  0  0 35  0 26  0  0
 26 34  0 26  0 36  0  0  2  0  0  3  0  0 34 34  0 34 34 34 34  0 19  0 17 16  0  0  0  0 34 34  0  0  0  0 26  0 36 34  0 26 36 36  0 34 36 34 13  0 34  0  8  0  0  1  0 26 34 36 36  0  1 13  0  0 19  0 34  0 34 26 34 26  1 16  0 17  0 26  0 34 17 36  0  0  1  0  0 34 34  0 13 26 34 34  1  1  0  0  2 26  0  0  0  0 36  0  0  0 36  0  0  0 36  0 26 34 34 34  0 26  0 34 36
 26 34  0 26  1 36  0  1  0  0  0  2  0  0 34 34  0 34 34 34 34  0 19  0 17 16  0  0  0  0 34 34  0  0  0  0 26  0 36 34  2 26 36 36  0 34 36 34 13  0 34  0  2  0  0  0  0 26 34 36 36  0  5 13  0  0 19  0 34  0 34 26 34 26  0 16  0 17  0 26  0 34 17 36  0  0  0  0  0 34 34  0 13 26 34 34  0  0  0  2  0 26  0  0  0  0 36  0  0  0 36  0  0  0 36  3 26 34 34 34  0 26  0 34 36
  2 34  0 18  0 35  0  0  0  0  0  0  0  0 34 35  0 35 34 35 34  0 26  0 26 26  0  1  0  0 34 35  0  0  0  0 20  2 35 35  0 10 35 35  0 35 35 35 26  0 34  0  0  0  0  7  0 21 35 35 35  0  0 26  0  0 26  0 35  0 34 20 34 20  0 26  0 26  1 18  2 34 26 35  0  0  0  0  0 35 34  0 26 11 34 35  0  0  0 26 26  0  0  0  0  0 35  0  0  0 35  0  0  0 35  0 21 34 34 35  0 11  0 35 35
  1  0 35  0 34  0 34 26 26 35 34 26 35 35  0  0 35  0  0  0  0 35  0 35  0  0 26 35 13 35  0  0 35 21 34 35  0 21  0  0 35  0  0  0 21  1  0  0  0 35  0 35 26 26 35 21 35  5  0  0  0 14 26  0 35 34  0 34  0 34  0  1  0  0 35  0 34  0 21  0 13  0  0  0 26 26 35 35 13  0  0 34  0  0  0  0 35 14  2  0  0  0  0  3 35 26  0 34 35 34  0 26 34 35  0 26 10  0  0  0 35  0 26  0  0
  0  1 35  0 34  0 34 26 26 35 34 26 35 35  0  0 35  0  0  0  0 35  0 35  0  0 26 35 13 35  0  0 35 21 34 35  0 21  0  0 35  0  0  0 21  0  0  0  0 35  0 35 26 26 35 21 35 10  0  0  0 14 26  0 35 34  0 34  0 34  0  0  0  3 35  0 34  0 21  0 13  0  0  0 26 26 35 35 13  0  0 34  0  0  0  0 35 14  9  0  0  0  3  0 35 26  0 34 35 34  0 26 34 35  0 26  4  0  0  0 35  0 26  0  0
  0  0 24  0 39  0 39 36 36 19 39 36 41 24  0  0 19  0  0  0  0 41  0 41  0  0 36 41 35 41  0  0 19 35 39 41  0 35  0  0 41  0  0  0 35  0  0  0  0 41  0 41 36 36 24 35 41  0  0  0  0 35 36  0 25 39  0 39  0 39  0  0  0  0 24  0 39  0 35  0 35  0  0  5 36 36 41  9 35  0  0 39  0  0  0  0 25 35 35  0  0  0 35 35  0 36  0 39 41 39  0 36 39  8  1 36  0  0  0  0 24  0 36  0  0
  0  0 36  0 34  1 34 11 11 36 34 16 34 36  0  1 36  0  0  0  0 34  0 34  0  4 11 34 26 34  0  0 36 26 34 34  0 26  0  0 34  0  0  1 26  0  0  0  2 34  0 34 16  4 36 26 34  0  0  0  0 26 16  0 36 34  0 34  0 34  0  0  0  1 36  6 34  0 26  0 26  0  2  0 23 23 34 36 26  0  0 34  0  0  0  0 36 26 26  0  0  0 26 26 36  0  0 34 34 34  0 23 34 36  0 11  0  0  0  0 36  0  2  0  0
 35 39  8 35  0  8  0  0  0  0  0  0  0  3 39 41  0 41 39 41 39  0 36  0 36 36  0  0  0  0 39 41  0  0  0  0 35  0  6 41  0 35 23 24  0 41 24 41 36  0 39  0  0  0  0  0  0 35 41 24 17  0  0 36  0  0 36  0 41  0 39 35 39 35  8 36  0 36  0 35  0 39 36 24  0  0  0  0  0 41 39  0 36 35 39 41  0  0  0 36 36 35  0  0  0  0  0  0  0  0 23  0  0  0 24  0 35 39 39 41  0 35  0 41 17
  0  0 39  0 21  0 21 34 34 39  8 34 38 39  4  0 39  0  0  0  0 38  0 38  0  0 34 38 34 38  0  0 39 34 21 38  0 34  0  0 38  0  0  0 34  0  0  0  0 38  0 38 34 34 39 34 38  0  0  0  0 34 34  0 39 17  0  6  0 17  7  0  0  0 39  0 22  0 34  0 34  5  0  0 34 34 38 39 34  0  0 17  0  0  0  0 39 34 34  0  0  0 34 34 39 34  0  0 38 21  0 34 22 39  0 34  0  5  0  0 39  0 34  0  0
  0  0 41  0 38  0 38 34 34 41 38 34 23 41  0  0 41  2  0  0  0 25  0  9  0  0 34  5 35 11  0  0 41 35 38 11  0 35  0  0 15  0  0  0 35  0  0  0  0 11  0 23 34 34 41 35 25  0  2  0  0 35 34  0 41 38  0 38  0 38  0  0  0  0 41  0 38  0 35  0 35  0  0  0 34 34 15 41 35  1  1 38  0  0  0  7 41 35 35  0  0  0 35 35 41 34  0 38  0 38  0 34 38 41  0 34  0  0  0  2 41  0 34  0  0
  0  0 39  0 25  0  4 34 34 39 21 34 38 39  0  0 39  0  5  0  0 38  0 38  0  0 34 38 34 38  0  0 39 34 25 38  0 34  0  0 38  0  0  0 34  0  0  0  0 38  3 38 34 34 39 34 38  0  0  0  0 34 34  0 39 11  0 21  0 11  2  0  0  0 39  0 24  0 34  0 34  0  0  1 34 34 38 39 34  0  0 11  0  0  4  0 39 34 34  0  0  0 34 34 39 34  0 21 38  0  0 34 24 39  0 34  0  0  1  0 39  0 34  0  0
 35 39  0 35  0 23  0  0  0  0  0  0  0  7 39 41  0 41 39 41 39  0 36  0 36 36  0  0  0  0 39 41  0  0  0  0 35  0 23 41  0 35  1 13  0 41 13 41 36  0 39  0  0  0  3  1  0 35 41 13 14  0  0 36  0  0 36  0 41  0 39 35 39 35  6 36  0 36  0 35  0 39 36 24  0  0  0  0  0 41 39  0 36 35 39 41  3  0  0 36 36 35  0  0  0  0 23  0  0  0  0  0  0  0 24  0 35 39 39 41  8 35  0 41 14
  1  0 36  0 34  0 34 16 11 36 34 19 34 36  0  0 36  0  0  0  0 34  6 34  2  0 16 34 26 34  0  0 36 26 34 34  0 26  0  0 34  0  0  0 26  0  1  0  0 34  0 34 19 23 36 26 34  0  0  0  0 26 19  0 36 34  4 34  0 34  0  0  0  0 36  0 34  0 26  0 26  0  0  0  6  6 34 36 26  0  0 34  0  0  0  0 36 26 26  0  0  0 26 26 36 23  0 34 34 34  0  0 34 36  0 11  0  0  0  0 36  0 23  0  0
  0  0 39  0 16  0 24 34 34 39 22 34 38 39  0  0 39  0  0  0  1 38  0 38  0  0 34 38 34 38  0  0 39 34 16 38  0 34  0  0 38  0  0  0 34  0  0  0  0 38  0 38 34 34 39 34 38  1  0  0  0 34 34  0 39 14  1 22  0 14  0  0  2  0 39  0  4  0 34  0 34  1  0  0 34 34 38 39 34  0  9 14  0  0  0  0 39 34 34  0  0  0 34 34 39 34  0 22 38 24  0 34  0 39  1 34  0  0  0  0 39  0 34  0  0
  0  0 24  0 39  0 39 36 36 19 39 36 41 24  0  0 19  0  0  0  0 41  0 41  0  0 36 41 35 41  0  0 19 35 39 41  0 35  0  0 41  0  0  0 35  0  0  0  0 41  0 41 36 36 24 35 41  0  0  0  0 35 36  0 25 39  0 39  0 39  0  0  0  0 24  0 39  1 35  0 35  0  0  8 36 36 41  4 35  0  0 39  0  0  0  0 25 35 35  0  0  0 35 35  8 36  0 39 41 39  0 36 39  0  8 36  0  0  0  0 24  0 36  0  0
 35 39  0 35  0 24  0  0  0  0  0  0  0  0 39 41  0 41 39 41 39  0 36  0 36 36  0  0  0  0 39 41  0  0  0  0 35  0 24 41  0 35 24 25  0 41 25 41 36  0 39  0  0  0  0  0  0 35 41 25 19  0  0 36  0  0 36  0 41  0 39 35 39 35  0 36  0 36  0 35  0 39 36  2  0  0  0  2  0 41 39  0 36 35 39 41  0  0  0 36 36 35  0  0  1  0 24  0  0  0 24  0  1  8  0  0 35 39 39 41  0 35  0 41 19
  0  0 36  2 34  0 34 24  4 36 34 17 34 36  0  0 36  0  0  0  0 34  4 34  9  0 24 34 26 34  0  0 36 26 34 34  0 26  0  0 34  0  0  0 26  0  0  0  0 34  0 34 17 11 36 26 34  0  0  0  0 26 17  0 36 34  0 34  0 34  0  0  0  0 36  2 34  6 26  0 26  0  9  0 11 11 34 36 26  0  0 34  0  1  0  0 36 26 26  0  3  0 26 26 36 11  0 34 34 34  0 11 34 36  0  0  0  0  0  0 36  0 11  0  0
 21 34  0 13  0 35  0  0  0  0  0  0  0  0 34 35  0 35 34 35 34  0 26  0 26 26  0  0  0  0 34 35  0  0  0  0 14  0 35 35  0 21 35 35  0 35 35 35 26  0 34  0  0  0  0  0  0  7 35 35 35  2  0 26  1  0 26  0 35  0 34 14 34 14  0 26  0 26  1 13  0 34 26 35  0  0  0  0  0 35 34  0 26 21 34 35  0  0  6 26 26 21 10  4  0  0 35  0  0  0 35  0  0  0 35  0  0 34 34 35  0 21  0 35 35
 34 21  0 34  0 39  0  0  0  0  5  0  0  0 21 38  0 38 21 38 17  1 34  0 34 34  0  0  0  0 21 38  0  0  0  0 34  0 39 38  0 34 39 39  0 38 39 38 34  0 21  0  0  0  0  0  0 34 38 39 39  0  0 34  0  0 34  5 38  0  6 34 22 34  0 34  0 34  0 34  0 22 34 39  0  0  0  0  0 38 22  0 34 34 17 38  0  0  0 34 34 34  0  0  0  0 39  5  0  0 39  0  0  0 39  0 34  0 21 38  0 34  0 38 39
 34 25  0 34  0 39  5  0  0  0  0  0  0  0 25 38  0 38  5 38 11  0 34  0 34 34  0  0  0  0 25 38  0  0  0  0 34  0 39 38  0 34 39 39  0 38 39 38 34  0  2  0  0  0  0  0  0 34 38 39 39  0  1 34  0  0 34  1 38  0 21 34 24 34  0 34  0 34  0 34  0 24 34 39  0  0  0  0  0 38 24  0 34 34 11 38  0  0  0 34 34 34  0  0  0  0 39  0  0  1 39  0  0  0 39  0 34 21  0 38  0 34  0 38 39
 35 38  0 35  0 41  0  0  0  0  0  0  8  0 38 15  0 23 38  9 38  0 34  0 34 34  0  0  0  1 38 24  0  0  0  0 35  0 41 15  0 35 41 41  0 15 41 15 34  0 38 10  0  1  1  0  0 35 15 41 41  0  0 34  0  0 34  0 24  0 38 35 38 35  0 34  0 34  0 35  0 38 34 41  0  0  0  0  0 15 38  0 34 35 38 23  0  0  0 34 34 35  0  0  0  0 41  0  2  0 41  0  0  0 41  0 35 38 38  0  0 35  0  6 41
  0  0 23  0 39  1 39 36 36 14 39 36 41  1  0  0 14  0  0  0  0 41  0 41  0  0 36 41 35 41  0  0 14 35 39 41  0 35  0  0 41  0  7  3 35  0  0  0  0 41  0 41 36 36 10 35 41  0  0  0  0 35 36  0 13 39  0 39  0 39  0  0  0  0 23  0 39  0 35  0 35  0  0  0 36 36 41 24 35  0  0 39  0  0  0  0 13 35 35  0  0  0 35 35 24 36  0 39 41 39  8 36 39 24  0 36  0  0  0  0  0  0 36  0  0
 11 34  0 25  0 35  0  0  0  0  0  0  0  0 34 35  0 35 34 35 34  1 26  0 26 26  0  0  0  0 34 35  0  4  1  0 25  4 35 35  0 11 35 35  9 35 35 35 26  0 34  0  0  0  0  4  0 21 35 35 35  0  0 26  0  0 26  0 35  0 34 25 34 25  0 26  0 26  0 25  0 34 26 35  0  0  0  0  0 35 34  0 26  7 34 35  0  0  0 26 26 11  0  0  0  0 35  0  0  0 35  0  0  0 35  0 21 34 34 35  0  0  0 35 35
  0  0 36  0 34  0 34 11 11 36 34 16 34 36  0  0 36  0  0  0  0 34  0 34  1  5 11 34 26 34  0  0 36 26 34 34  0 26  0  0 34  0  0  0 26  0  1  0  0 34  0 34 16  9 36 26 34  0  0  0  0 26 16  2 36 34  0 34  0 34  0  2  0  0 36 10 34  0 26  0 26  0  0  0 23 23 34 36 26  0  0 34  0  0  0  0 36 26 26  0  0  0 26 26 36  2  0 34 34 34  0 23 34 36  0 11  0  0  0  0 36  0  0  0  0
 35 38  0 35  0 41  0  0  0  0  0  0  2  0 38 15  0 23 38  6 38  0 34  0 34 34  0  0  0  0 38 24  0  0  0  0 35  0 41 15  0 35 41 41  0 15 41 15 34  0 38 10  0  0  0  0  0 35 15 41 41  0  0 34  0  0 34  0 24  0 38 35 38 35  0 34  0 34  0 35  0 38 34 41  0  0  0  0  0 15 38  0 34 35 38 23  0  0  0 34 34 35  0  0  0  0 41  0  0  0 41  0  0  0 41  0 35 38 38  6  0 35  0  0 41
 35 39  1 35  1 17  0  0  0  4  0  0  0  0 39 41  2 41 39 41 39  0 36  0 36 36  0  0  0  0 39 41  1  0  0  0 35  0 17 41  0 35 14 11  0 41 11 41 36  0 39  0  0  0  0  0  1 35 41 11  5  0  0 36  2  0 36  0 41  0 39 35 39 35  0 36  0 36  0 35  0 39 36 19  0  0  0  0  0 41 39  0 36 35 39 41  0  0  0 36 36 35  0  0  0  0 17  0  0  0 14  0  0  0 19  0 35 39 39 41  0 35  0 41  0
