        125

  0 29 23 24  3 36 19 26  0  0 10  1 38  0 38  0  0  0 24  0 19 26  0 26 36 26  0 26 29  0  0  0  0  0  0  0  0 36  0  0  0 38 29  9 29 36  0  7  0 26 26  0  0 29 36  0 36 38  0  0 23  0  0 36 29  0  0 17 17  0  0 38  0 36 19  0 29  0  0  0 29 36  0 38 26  0 36 29  0  0  0  0  0 29 38  0 29 36  0  0  0 29  0 26  0 26 36  0  0 17 38 38  0 38  0 26  0 26 38 38  0  3  0 36  0
 29  0  0  0 29  0  0  0 29 19  0 40  0 16  0 40 41 40  0 41  0  0 40  0  0  0 40  0  0  5 41 29 41 40 40 29 41  0 40 41 23  0  7  0  0  0 41  0 41  0  0 16 40  0  0 41  0  1 23 23  0  4 29  0  0 40 41  0  1 29 40  0 41  0  0 40  0 41 19 29  1  0 29  0  0 41  0  0 16 19 41 41 41  4  0 40  0  0 41 41 41  0 41  0 41  0  0 41 41  0  0  0 29  0 15  0 29  0  0  0 15 29 41  0 41
 23  0  0  0 16  0  0  0  4 29  0 26  0 29  0 26 36 26  1 36  0  0 26  0  0  1 26  0  0 29 36 15 38 26 26  6 36  0 26 36 29  0  0  0  0  0 38  0 38  0  0 29 26  0  0 38  0  0 29 29  9 29 18  0  0 26 36  0  0 16 26  0 38  0  0 26  0 38 29  4  0  0 18  0  0 38  0  0 29 29 38 38 36  0  0 26  0  0 36 36 38  0 36  0 36  0  0 38 38  0  0  0 15  0 29  0 15  0  0  0 29 23 38  0 36
 24  0  0  0 15  0  0  0 15 29  0 26  1 29  1 26 36 26  2 36  0  0 26  0  0  0 26  0  1 29 36  7 38 26 26 15 36  0 26 36 29  0  0  0  1  0 38  0 38  0  0 29 26  0  0 38  0  0 29 29  0 29 11  0  0 26 36  0  0 15 26  0 38  0  0 26  0 38 29 15  0  0 11  0  0 38  0  0 29 29 38 38 36  0  0 26  0  0 36 36 38  0 36  0 36  0  0 38 38  0  0  0  3  0 29  1  6  0  0  0 29 24 38  0 36
  3 29 16 15  0 36 15 26  0  0 17  0 38  0 38  0  0  0 15  0 15 26  0 26 36 26  0 26 29  0  0  0  0  0  0  0  0 36  0  0  0 38 29 17 29 36  0 17  0 26 26  0  0 29 36  0 36 38  0  0 16  0  4 36 29  0  0  1  1  7  0 38  0 36 15  0 29  0  0  0 29 36  0 38 26  0 36 29  0  0  0  0  0 29 38  0 29 36  0  0  0 29  0 26  0 26 36  0  0  1 38 38  0 38  0 26  0 26 38 38  0  0  0 36  0
 36  0  0  0 36  0  0  0 36 41  0 27  0 41  0 27 11 27  0 11  0  0 27  0  0  0 27  0  0 41 25 36 27 27 27 36 19  0 27 11 41  0  0  0  0  0 27  0 27  0  0 41 27  0  0 27  3  0 41 41  0 41 36  0  0 27 19  0  0 36 27  0 27  0  0 27  0 27 41 36  0  0 36  0  0 27  0  0 41 41 27 27 25  0  0 27  0  0  3 24 27  0 24  0  4  0  0 27 27  0  0  0 36  0 41  0 36  0  0  0 41 36 27  5  8
 19  0  0  0 15  0  0  0 18 29  3 26  0 29  0 26 36 26  0 36  7  0 26  0  0  0 26  0  0 29 36 11 38 26 26 18 36  0 26 36 29  0  0  0  0  0 38  0 38  0  0 29 26  0  0 38  0  0 29 29  0 29 10  0  0 26 36  3  0 15 26  0 38  0  8 26  0 38 29 18  0  0  8  0  0 38  0  0 29 29 38 38 36  0  0 26  0  0 36 36 38  0 36  0 36  0  0 38 38  0  0  0 11  0 29  0 11  0  0  0 29 19 38  0 36
 26  0  0  0 26  0  0  0 26 40  0 23  0 40  0 22 27 19  0 27  0  0 13  0  0  0 13  0  0 40 27 26 34 22 13 26 27  0 19 27 40  0  0  0  0  0 34  0 34  0  0 40  2  0  0 34  0  0 40 40  1 40 26  0  0  9 27  0  0 26  8  0 34  0  0 19  0 34 40 26  0  0 26  0  0 34  0  0 40 40 34 34 27  0  0 23  0  0 27 27 34  0 27  1 27  7  0 34 34  0  0  0 26  0 40  0 26  0  0  0 40 26 34  2 27
  0 29  4 15  0 36 18 26  0  0 23  0 38  0 38  0  0  0 15  0 18 26  0 26 36 26  0 26 29  0  0  0  0  0  1  6  0 36  0  0  1 38 29 23 29 36  0 23  0 26 26  0  0 29 36  0 36 38  0  0  4  0  0 36 29  0  0 16 16  0  0 38  0 36 18  0 29  0  0  2 29 36  0 38 26  0 36 29  0  0  0  0  0 29 38  0 29 36  0  0  0 29  0 26  0 26 36  0  0 16 38 38  0 38  0 26  1 26 38 38  0  0  0 36  0
  0 19 29 29  0 41 29 40  0  0 29  0 41  0 41  0  0  0 29  0 29 40  0 40 41 40  0 40 10  0  0  0  0  0  0  0  0 41  0  0  0 41 19 29 21 41  0 29  0 40 40  0  0 20 41  0 41 41  1  0 29  0  0 41  1  0  0 29 29  0  0 41  0 41 29  0 20  0 10  0 20 41  0 41 40  0 41 21  0  5  0  0  0 19 41  0 23 41  0  0  0 23  0 40  0 40 41  0  0 29 41 41  0 41  0 40  0 40 41 41  0  0  0 41  0
 10  0  0  0 17  0  3  0 23 29  0 26  0 29  0 26 36 26  0 36  0  1 26  1  0  0 26  0  0 29 36 24 38 26 26 23 36  0 26 36 29  0  0 10  0  0 38  6 38  0  0 29 26  0  0 38  0  0 29 29  0 29 19  0  0 26 36  2  0 17 26  0 38  0  0 26  0 38 29 23  0  0 19  0  0 38  0  0 29 29 38 38 36  0  0 26  0  0 36 36 38  0 36  0 36  0  0 38 38  0  0  0 24  0 29  0 24  0  0  0 29  6 38  0 36
  1 40 26 26  0 27 26 23  0  0 26  0 34  0 34  0  0  0 26  0 26 24  0  7 27 21  0  3 40  0  0  0  0  0  0  0  0 27  0  0  0 34 40 26 40 27  0 26  0 14 24  0  0 40 27  0 27 34  0  0 26  0  0 27 40  0  0 26 26  0  0 34  0 27 26  0 40  0  0  0 40 27  0 34 24  0 27 40  0  0  0  0  0 40 34  3 40 27  0  0  0 40  0 14  0 23 27  1  0 26 34 34  0 34  0 21  0  4 34 34  0  0  0 27  0
 38  0  0  1 38  0  0  0 38 41  0 34  0 41  1 34 27 34  0 27  0  0 34  0  0  0 34  0  0 41 27 38  3 34 34 38 27  0 34 27 41  0  0  0  0  0 21  0 16  0  0 41 34  0  0 21  0  0 41 41  0 41 38  0  0 34 27  0  0 38 34  0 11  0  0 34  0 16 41 38  0  0 38  3  0 11  0  0 41 41  1 16 27  0  0 34  0  0 27 27  3  0 27  0 27  0  0 25 25  0  0  0 38  0 41  0 38  0  2  0 41 38 11  1 27
  0 16 29 29  0 41 29 40  0  0 29  0 41  0 41  0  0  0 29  0 29 40  0 40 41 40  0 40 21  0  0  0  0  0  0  0  0 41  0  0  0 41 16 29  7 41  0 29  0 40 40  9  0 21 41  0 41 41  0  0 29  0  0 41 21  0  0 29 29  0  0 41  1 41 29  0 21  0  0  0 21 41  0 41 40  0 41  9  5  0  0  0  0 16 41  0 16 41  0  0  0 16  0 40  0 40 41  0  0 29 41 41  0 41  0 40  0 40 41 41  0  0  0 41  0
 38  0  0  1 38  0  0  0 38 41  0 34  1 41  0 34 27 34  0 27  0  0 34  0  0  0 34  0  0 41 27 38 11 34 34 38 27  0 34 27 41  4  0  0  2  0 13  0 13  0  0 41 34  0  0 13  0  0 41 41  0 41 38  0  0 34 27  0  0 38 34  0  1  0  0 34  0 13 41 38  0  1 38  1  0  6  0  0 41 41 11 13 27  0  0 34  0  0 27 27 11  0 27  0 27  0  0 11 11  0  0  0 38  0 41  0 38  0  0  0 41 38  1  0 27
  0 40 26 26  0 27 26 22  0  0 26  0 34  0 34  0  0  0 26  0 26  4  0 24 27 24  0 24 40  0  0  0  0  9  0  0  1 27  0  0  0 34 40 26 40 27  0 26  0 23  1  0  0 40 27  0 27 34  0  0 26  0  0 27 40  0  0 26 26  0  0 34  0 27 26  0 40  0  0  0 40 27  0 34  2  0 27 40  0  0  0  0  0 40 34  0 40 27  0  0  0 40  0 23  0 22 27  0  0 26 34 34  0 34  0 24  0 24 34 34  0  0  0 27  0
  0 41 36 36  0 11 36 27  0  0 36  0 27  0 27  0  0  0 36  3 36 27  0 27 14 27  0 27 41  0  0  0  0  0  0  0  0 19  0  4  0 27 41 36 41 14  0 36  0 27 27  0  0 41 25  0  4 27  0  0 36  0  0 19 41  0  0 36 36  0  0 27  1 14 36  0 41  0  0  0 41  8  0 27 27  0 25 41  0  0  0  0  0 41 27  0 41 25  0  0  0 41  0 27  0 27 19  0  0 36 27 27  0 27  0 27  0 27 27 27  0  0  0 11  0
  0 40 26 26  0 27 26 19  0  0 26  0 34  0 34  0  0  0 26  0 26 24  0 21 27  2  0 21 40  0  0  0  0  0  1  0  0 27  3  0  0 34 40 26 40 27  0 26  0 14 24  0  0 40 27  0 27 34  0  0 26  0  0 27 40  1  0 26 26  0  0 34  0 27 26  2 40  0  0  0 40 27  0 34 24  0 27 40  0  0  0  0  0 40 34  0 40 27  0  0  0 40  0 14  0 19 27  0  0 26 34 34  0 34  0  4  0 21 34 34  0  0  0 27  0
 24  0  1  2 15  0  0  0 15 29  0 26  0 29  0 26 36 26  0 36  0  0 26  0  0  0 26  0  0 29 36  5 38 26 26 15 36  0 26 36 29  0  0  0  0  0 38  0 38  1  0 29 26  0  0 38  0  0 29 29  0 29 11  0  0 26 36  0  0 15 26  0 38  0  0 26  0 38 29 15  0  0 11  0  0 38  0  1 29 29 38 38 36  0  0 26  0  0 36 36 38  0 36  0 36  1  0 38 38  0  0  0  6  0 29  0  3  0  0  0 29 24 38  0 36
  0 41 36 36  0 11 36 27  0  0 36  0 27  0 27  0  3  0 36  0 36 27  1 27 14 27  0 27 41  0  0  0  0  0  0  0  0 19  0  2  0 27 41 36 41 14  0 36  0 27 27  0  0 41 25  0  3 27  0  0 36  0  0 19 41  0  0 36 36  0  0 27  0 14 36  0 41  0  0  0 41  4  0 27 27  0 25 41  0  0  0  0  0 41 27  0 41 25  0  0  1 41  0 27  0 27 19  0  0 36 27 27  0 27  0 27  0 27 27 27  0  0  0 11  1
 19  0  0  0 15  0  7  0 18 29  0 26  0 29  0 26 36 26  0 36  0  0 26  0  0  0 26  0  0 29 36 11 38 26 26 18 36  0 26 36 29  0  0  0  0  0 38  0 38  0  0 29 26  0  0 38  0  0 29 29  0 29 10  0  0 26 36  0  1 15 26  0 38  0  8 26  0 38 29 18  0  0  4  0  0 38  0  0 29 29 38 38 36  0  0 26  0  0 36 36 38  0 36  0 36  0  0 38 38  0  0  0 11  0 29  0 11  0  0  0 29 19 38  0 36
 26  0  0  0 26  0  0  0 26 40  1 24  0 40  0  4 27 24  0 27  0  0 23  0  0  0 23  0  0 40 27 26 34  5 23 26 27  0 24 27 40  0  0  0  0  0 34  0 34  0  7 40 22  0  0 34  0  0 40 40  0 40 26  0  0 22 27  0  0 26 22  0 34  0  0 24  0 34 40 26  0  0 26  0  6 34  0  0 40 40 34 34 27  0  0 24  0  0 27 27 34  0 27  0 27  0  0 34 34  0  0  0 26  0 40  0 26  0  0  0 40 26 34  0 27
  0 40 26 26  0 27 26 13  0  0 26  0 34  0 34  0  0  0 26  1 26 23  0 14 27 14  5 14 40  0  0  1  0  0  2  0  0 27  0  0  0 34 40 26 40 27  0 26  0  1 23  0  2 40 27  0 27 34  0  0 26  0  0 27 40  0  0 26 26  0  0 34  0 27 26  1 40  0  0  1 40 27  0 34 23  0 27 40  0  0  0  0  0 40 34  0 40 27  0  0  0 40  0  7  0 13 27  0  0 26 34 34  0 34  0 14  0 14 34 34  0  0  0 27  0
 26  0  0  0 26  0  0  0 26 40  1  7  0 40  0 24 27 21  0 27  0  0 14  0  0  0 14  5  0 40 27 26 34 24 14 26 27  0 21 27 40  0  0  0  0  0 34  0 34  0  0 40 23  0  0 34  0  0 40 40  0 40 26  0  0 23 27  1  0 26 23  0 34  0  0 21  0 34 40 26  0  0 26  0  0 34  0  0 40 40 34 34 27  0  0  6  0  0 27 27 34  0 27  0 27  0  0 34 34  0  0  0 26  0 40  0 26  4  0  0 40 26 34  0 27
 36  0  0  0 36  0  0  0 36 41  0 27  0 41  0 27 14 27  0 14  0  0 27  0  0  0 27  0  0 41 25 36 27 27 27 36 18  0 27 14 41  0  0  0  0  2 27  0 27  0  0 41 27  0  0 27  0  0 41 41  0 41 36  1  0 27 18  0  0 36 27  0 27  6  0 27  0 27 41 36  0  0 36  0  0 27  0  0 41 41 27 27 25  0  1 27  0  2 24  9 27  0 10  0 24  0  0 27 27  0  0  0 36  0 41  0 36  0  0  0 41 36 27  0 24
 26  0  1  0 26  0  0  0 26 40  0 21  0 40  0 24 27  2  0 27  0  0 14  0  0  0 14  0  0 40 27 26 34 24 14 26 27  0  4 27 40  0  0  0  0  0 34  0 34  1  0 40 19  0  0 34  0  0 40 40  0 40 26  0  0 19 27  0  0 26 19  0 34  0  0  8  0 34 40 26  0  0 26  0  0 34  0  0 40 40 34 34 27  0  0 21  0  0 27 27 34  0 27  0 27  1  0 34 34  0  0  0 26  0 40  3 26  0  0  0 40 26 34  0 27
  0 40 26 26  0 27 26 13  0  0 26  0 34  0 34  0  0  0 26  0 26 23  5 14 27 14  0 14 40  0  0  0  0  0  4  1  0 27  0  0  0 34 40 26 40 27  0 26  0  6 23  0  0 40 27  0 27 34  0  0 26  0  0 27 40  0  0 26 26  0  0 34  0 27 26  0 40  0  0  0 40 27  0 34 23  0 27 40  0  0  0  0  0 40 34  0 40 27  0  0  0 40  0  3  0 13 27  0  0 26 34 34  0 34  0 14  0 14 34 34  0  0  0 27  0
 26  0  0  0 26  0  0  0 26 40  0  3  0 40  0 24 27 21  0 27  0  0 14  5  0  0 14  0  0 40 27 26 34 24 14 26 27  0 21 27 40  0  0  1  0  0 34  0 34  0  4 40 23  0  0 34  0  0 40 40  0 40 26  0  0 23 27  0  0 26 23  0 34  0  0 21  0 34 40 26  0  0 26  0  0 34  0  0 40 40 34 34 27  0  0  9  0  0 27 27 34  0 27  0 27  0  0 34 34  0  0  0 26  0 40  0 26 10  0  0 40 26 34  0 27
 29  0  0  1 29  0  0  0 29 10  0 40  0 21  0 40 41 40  0 41  0  0 40  0  0  0 40  0  0 19 41 29 41 40 40 29 41  0 40 41 23  0  0  0  0  0 41  0 41  0  0 21 40  0  0 41  0  0 23 23  0 19 29  0 10 40 41  0  0 29 40  0 41  0  0 40  0 41  5 29  0  0 29  0  0 41  0  0 21  1 41 41 41  0  0 40  0  0 41 41 41  0 41  0 41  0  0 41 41  0  0  0 29  0 20  1 29  0  0  0 20 29 41  0 41
  0  5 29 29  0 41 29 40  0  0 29  0 41  0 41  0  0  0 29  0 29 40  0 40 41 40  0 40 19  0  0  0  0  1  0  0  0 41  0  0  0 41  7 29 16 41  0 29  0 40 40  0  0 15 41  0 41 41  0  0 29  8  0 41 19  0  0 29 29  0  0 41  0 41 29  0 15  0  0  0 15 41  0 41 40  0 41 16  0  0  0  0  0  2 41  0 23 41  0  0  0 23  0 40  0 40 41  0  0 29 41 41  0 41  0 40  0 40 41 41  0  0  0 41  0
  0 41 36 36  0 25 36 27  0  0 36  0 27  0 27  0  0  0 36  0 36 27  0 27 25 27  0 27 41  0  0  0  0  0  0  0  1 12  0  0  0 27 41 36 41 25  0 36  0 27 27  0  0 41  4  0 25 27  0  0 36  0  0 12 41  0  0 36 36  0  0 27  0 25 36  0 41  0  0  0 41 25  0 27 27  0 10 41  0  0  0  0 10 41 27  0 41  8  0  0  0 41  2 27  0 27 12  0  0 36 27 27  0 27  0 27  0 27 27 27  0  0  0 25  0
  0 29 15  7  0 36 11 26  0  0 24  0 38  0 38  0  0  0  5  0 11 26  1 26 36 26  0 26 29  0  0  0  0  0  0  0  0 36  0  0  0 38 29 24 29 36  0 24  0 26 26  0  0 29 36  0 36 38  0  0 15  0  0 36 29  0  0 15 15  0  0 38  0 36 11  1 29  0  0  1 29 36  0 38 26  0 36 29  0  0  0  0  0 29 38  0 29 36  0  0  0 29  0 26  0 26 36  0  0 15 38 38  6 38  0 26  7 26 38 38  0  0  0 36  0
  0 41 38 38  0 27 38 34  0  0 38  0  3  0 11  0  0  0 38  0 38 34  0 34 27 34  0 34 41  0  0  0  0  0  0  0  0 27  1  0  0 11 41 38 41 27  0 38  0 34 34  0  0 41 27  0 27 21  0  0 38  0  0 27 41  0  0 38 38  0  0 25  0 27 38  0 41  0  0  0 41 27  0 16 34  0 27 41  0  0  1  3  0 41 21  0 41 27  0  0  7 41  0 34  1 34 27  0  0 38 21 25  0 25  0 34  0 34  7 16  0  0  0 27  0
  0 40 26 26  0 27 26 22  0  0 26  0 34  0 34  9  0  0 26  0 26  5  0 24 27 24  0 24 40  1  0  0  0  0  0  0  0 27  0  0  0 34 40 26 40 27  0 26  0 23  9  0  0 40 27  0 27 34  0  0 26  0  0 27 40  0  0 26 26  0  0 34  0 27 26  0 40  0  0  0 40 27  0 34  2  0 27 40  0  0  0  0  1 40 34  0 40 27  0  0  0 40  0 23  0 22 27  0  1 26 34 34  0 34  0 24  0 24 34 34  1  0  0 27  0
  0 40 26 26  0 27 26 13  1  0 26  0 34  0 34  0  0  1 26  0 26 23  2 14 27 14  4 14 40  0  0  0  0  0  0  0  0 27  0  1  0 34 40 26 40 27  0 26  0  2 23  0  0 40 27  0 27 34  0  0 26  0  0 27 40  1  0 26 26  0  0 34  0 27 26  0 40  0  0  0 40 27  0 34 23  0 27 40  0  0  0  0  0 40 34  0 40 27  0  0  0 40  0  8  0 13 27  0  0 26 34 34  0 34  0 14  0 14 34 34  0  0  0 27  0
  0 29  6 15  0 36 18 26  6  0 23  0 38  0 38  0  0  0 15  0 18 26  0 26 36 26  1 26 29  0  0  0  0  0  0  0  0 36  1  0  0 38 29 23 29 36  0 23  0 26 26  0  0 29 36  0 36 38  0  0  1  0  0 36 29  0  0 16 16  0  0 38  0 36 18  0 29  0  0  8 29 36  0 38 26  0 36 29  0  0  0  0  0 29 38  0 29 36  0  0  0 29  0 26  0 26 36  0  0 16 38 38  1 38  0 26  0 26 38 38  0  0  0 36  0
  0 41 36 36  0 19 36 27  0  0 36  0 27  0 27  1  0  0 36  0 36 27  0 27 18 27  0 27 41  0  1  0  0  0  0  0  0  1  0  0  0 27 41 36 41 18  0 36  0 27 27  0  0 41 12  0 19 27  0  0 36  0  0  3 41  0  6 36 36  0  0 27  0 18 36  0 41  0  0  0 41 19  0 27 27  0 12 41  0  0  0  0  0 41 27  0 41 12  0  0  0 41  1 27  0 27  5  0  0 36 27 27  0 27  0 27  0 27 27 27  0  0  0 19  0
 36  0  0  0 36  0  0  0 36 41  0 27  0 41  0 27 19 27  0 19  0  0 27  0  0  0 27  0  0 41 12 36 27 27 27 36  1  0 27 19 41  0  0  0  0  2 27  0 27  0  0 41 27  0  0 27  0  0 41 41  0 41 36 10  0 27 10  0  0 36 27  0 27  0  0 27  0 27 41 36  0  0 36  0  0 27  2  0 41 41 27 27 12  0  0 27  0  0 19 18 27  0 18  0 19  0  1 27 27  0  1  2 36  0 41  0 36  0  0  0 41 36 27  0 19
  0 40 26 26  0 27 26 19  0  0 26  0 34  0 34  0  0  3 26  0 26 24  0 21 27  4  0 21 40  0  0  0  1  0  0  1  0 27  0  0  0 34 40 26 40 27  0 26  0 14 24  0  0 40 27  0 27 34  0  0 26  0  0 27 40  0  0 26 26  0  0 34  0 27 26  4 40  0  0  0 40 27  0 34 24  0 27 40  0  0  0  0  0 40 34  0 40 27  0  0  0 40  0 14  0 19 27  0  0 26 34 34  0 34  0  2  0 21 34 34  0  0  0 27  0
  0 41 36 36  0 11 36 27  0  0 36  0 27  0 27  0  4  0 36  2 36 27  0 27 14 27  0 27 41  0  0  0  0  0  1  0  0 19  0  0  1 27 41 36 41 14  0 36  0 27 27  0  0 41 25  0 10 27  0  0 36  0  0 19 41  0  0 36 36  0  0 27  0 14 36  0 41  0  0  0 41  7  0 27 27  0 25 41  0  0  0  0  0 41 27  0 41 25  3  0  0 41  0 27  0 27 19  0  0 36 27 27  0 27  0 27  0 27 27 27  0  0  0 11  0
  0 23 29 29  0 41 29 40  1  0 29  0 41  0 41  0  0  0 29  0 29 40  0 40 41 40  0 40 23  0  0  0  0  0  0  0  0 41  0  1  0 41 23 29 16 41  0 29  0 40 40  3  0 21 41  0 41 41  9  3 29  0  0 41 23  0  0 29 29  0  0 41  0 41 29  0 21  0  0  0 21 41  0 41 40  0 41 16  0  0  0  0  0 23 41  0  5 41  0  0  0 10  0 40  0 40 41  0  0 29 41 41  0 41  0 40  0 40 41 41  0  0  1 41  0
 38  0  0  0 38  0  0  0 38 41  0 34  0 41  4 34 27 34  0 27  0  0 34  0  0  0 34  0  0 41 27 38 11 34 34 38 27  0 34 27 41  0  0  0  0  0 13  0 13  0  0 41 34  0  0 13  0  0 41 41  0 41 38  0  0 34 27  0  0 38 34  0  8  0  0 34  0 13 41 38  0  0 38  0  0  5  0  0 41 41 11 13 27  0  0 34  0  0 27 27 11  0 27  0 27  0  0 11 11  0  0  0 38  0 41  0 38  0  2  0 41 38  1  0 27
 29  7  0  0 29  0  0  0 29 19  0 40  0 16  0 40 41 40  0 41  0  0 40  0  0  0 40  0  0  7 41 29 41 40 40 29 41  0 40 41 23  0  0  0  0  0 41  0 41  0  0 16 40  0  0 41  0  0 23 23  0  1 29  0  0 40 41  1  0 29 40  0 41  0  0 40  0 41 19 29  0  0 29  0  0 41  0  0 16 19 41 41 41  7  0 40  0  0 41 41 41  0 41  0 41  0  0 41 41  0  0  0 29  0 15  0 29  0  0  0 15 29 41  0 41
  9  0  0  0 17  0  0  0 23 29 10 26  0 29  0 26 36 26  0 36  0  0 26  0  0  0 26  1  0 29 36 24 38 26 26 23 36  0 26 36 29  0  0  0  0  0 38  4 38  0  0 29 26  0  0 38  0  0 29 29  0 29 19  0  0 26 36  0  4 17 26  0 38  0  0 26  0 38 29 23  0  0 19  0  0 38  0  0 29 29 38 38 36  0  0 26  0  0 36 36 38  0 36  0 36  0  0 38 38  0  0  0 24  0 29  0 24  0  0  0 29  2 38  0 36
 29  0  0  1 29  0  0  0 29 21  0 40  0  7  2 40 41 40  0 41  0  0 40  0  0  0 40  0  0 16 41 29 41 40 40 29 41  0 40 41 16  0  0  0  0  0 41  0 41  0  0 10 40  0  0 41  0  0 16 16  0 16 29  0  0 40 41  0  0 29 40  0 41  0  0 40  0 41 21 29  0  1 29  0  0 41  0  3  8 21 41 41 41  0  0 40  0  0 41 41 41  4 41  0 41  0  0 41 41  0  0  0 29  0 21  0 29  0  0  0 21 29 41  1 41
 36  0  0  0 36  0  0  0 36 41  0 27  0 41  0 27 14 27  0 14  0  0 27  0  2  0 27  0  0 41 25 36 27 27 27 36 18  2 27 14 41  0  0  0  0  0 27  0 27  0  0 41 27  0  0 27  0  0 41 41  0 41 36  0  0 27 18  0  0 36 27  0 27  3  0 27  0 27 41 36  0  0 36  0  0 27  0  0 41 41 27 27 25  0  0 27  0  0 24  5 27  0  1  0 24  0  0 27 27  0  0  0 36  0 41  0 36  0  0  0 41 36 27  0 24
  0 41 38 38  0 27 38 34  0  0 38  0 21  0 13  0  0  0 38  0 38 34  0 34 27 34  0 34 41  0  0  0  0  0  0  0  0 27  0  0  0 13 41 38 41 27  0 38  0 34 34  0  0 41 27  7 27  1  0  0 38  0  0 27 41  0  0 38 38  1  0 22  0 27 38  0 41  0  0  0 41 27  2 18 34  0 27 41  0  0  0  0  0 41  4  1 41 27  0  0  0 41  0 34  0 34 27  0  0 38  5 22  0 22  0 34  0 34 21 18  0  0  0 27  0
  7  0  0  0 17  0  0  0 23 29  6 26  0 29  0 26 36 26  0 36  0  0 26  0  0  0 26  0  0 29 36 24 38 26 26 23 36  0 26 36 29  0  0  4  0  0 38  0 38  0  0 29 26  0  0 38  0  0 29 29  0 29 19  0  0 26 36  0  0 17 26  0 38  0  0 26  0 38 29 23  0  0 19  0  0 38  0  0 29 29 38 38 36  0  0 26  0  0 36 36 38  0 36  0 36  0  0 38 38  1  0  1 24  0 29  0 24  0  0  0 29  5 38  0 36
  0 41 38 38  0 27 38 34  0  0 38  0 16  0 13  0  0  0 38  0 38 34  0 34 27 34  0 34 41  0  0  0  0  0  0  0  0 27  0  0  0 13 41 38 41 27  0 38  0 34 34  0  0 41 27  0 27 18  0  0 38  0  0 27 41  0  0 38 38  0  0 13  0 27 38  0 41  1  0  0 41 27  0  4 34  0 27 41  0  0  1 10  0 41 18  0 41 27  2  0  0 41  0 34  0 34 27  0  0 38 18 13  0 13  0 34  0 34 16 10  0  0  1 27  0
 26  0  0  0 26  0  0  0 26 40  0 14  0 40  0 23 27 14  1 27  0  0  1  0  0  1  6  0  0 40 27 26 34 23  2 26 27  0 14 27 40  0  0  0  0  0 34  0 34  0  0 40 13  0  0 34  0  0 40 40  0 40 26  0  0 13 27  0  0 26 13  0 34  0  0 14  0 34 40 26  0  0 26  0  0 34  0  0 40 40 34 34 27  0  0 14  0  0 27 27 34  0 27  1 27  2  0 34 34  0  0  0 26  0 40  0 26  0  0  0 40 26 34  0 27
 26  0  0  0 26  0  0  0 26 40  0 24  0 40  0  1 27 24  0 27  0  7 23  0  0  0 23  4  0 40 27 26 34  9 23 26 27  0 24 27 40  0  0  0  0  0 34  0 34  0  0 40 22  0  0 34  0  0 40 40  0 40 26  0  0 22 27  0  0 26 22  0 34  0  0 24  0 34 40 26  0  0 26  0  2 34  0  0 40 40 34 34 27  0  0 24  0  0 27 27 34  0 27  0 27  0  0 34 34  0  0  0 26  0 40  0 26  0  0  0 40 26 34  0 27
  0 16 29 29  0 41 29 40  0  0 29  0 41  9 41  0  0  0 29  0 29 40  0 40 41 40  0 40 21  0  0  0  0  0  0  0  0 41  0  0  3 41 16 29 10 41  0 29  0 40 40  0  0 21 41  0 41 41  0  0 29  0  0 41 21  0  0 29 29  0  0 41  0 41 29  0 21  0  0  0 21 41  0 41 40  0 41  5  8  1  0  0  0 16 41  0 16 41  0  0  0 16  0 40  0 40 41  0  0 29 41 41  0 41  0 40  0 40 41 41  0  0  0 41  0
  0 40 26 26  0 27 26  2  0  0 26  0 34  0 34  0  0  0 26  0 26 22  2 23 27 19  0 23 40  0  0  0  0  0  0  0  0 27  0  0  0 34 40 26 40 27  0 26  0 13 22  0  0 40 27  0 27 34  0  0 26  0  0 27 40  9  0 26 26  0  9 34  0 27 26  2 40  0  0  0 40 27  0 34 22  0 27 40  0  0  0  0  0 40 34  0 40 27  0  0  0 40  0 13  0  4 27  0  0 26 34 34  0 34  0 19  0 23 34 34  0  0  0 27  0
 29  0  0  0 29  0  0  0 29 20  0 40  0 21  0 40 41 40  0 41  0  0 40  0  0  0 40  0  0 15 41 29 41 40 40 29 41  0 40 41 21  0  0  0  0  0 41  0 41  0  0 21 40  0  0 41  0  0 21 21  0 15 29  0  0 40 41  0  0 29 40  0 41  0  0 40  5 41 20 29  1  0 29  0  0 41  0  0 21 20 41 41 41  0  0 40  0  0 41 41 41  0 41  0 41  0  0 41 41  1  1  0 29  0  7  0 29  0  0  0  5 29 41  0 41
 36  0  0  0 36  0  0  0 36 41  0 27  0 41  0 27 25 27  0 25  0  0 27  0  0  0 27  0  0 41  4 36 27 27 27 36 12  0 27 25 41  0  0  0  0  0 27  0 27  0  0 41 27  0  0 27  0  0 41 41  0 41 36  0  0 27 12  0  0 36 27  0 27  2  0 27  0 27 41 36  0  0 36  0  0 27  9  0 41 41 27 27  6  0  0 27  0  4 25 25 27  0 25  0 25  0  3 27 27  0  0  0 36  0 41  0 36  0  0  0 41 36 27  0 25
  0 41 38 38  0 27 38 34  0  0 38  0 21  0 13  0  0  0 38  0 38 34  0 34 27 34  0 34 41  0  0  0  0  0  0  0  0 27  0  0  0 13 41 38 41 27  7 38  0 34 34  0  0 41 27  0 27 10  0  0 38  0  0 27 41  0  0 38 38  0  0 22  0 27 38  0 41  0  0  0 41 27  0 18 34  0 27 41  0  0  0  0  0 41  2  0 41 27  0  0  0 41  0 34  0 34 27  0  0 38  4 22  0 22  0 34  0 34 21 18  0  0  0 27  0
 36  0  0  0 36  3  0  0 36 41  0 27  0 41  0 27  4 27  0  3  0  0 27  0  0  0 27  0  0 41 25 36 27 27 27 36 19  0 27 10 41  0  0  0  0  0 27  0 27  0  0 41 27  0  0 27  0  0 41 41  0 41 36  0  0 27 19  0  0 36 27  0 27  0  0 27  0 27 41 36  0  1 36  0  0 27  0  0 41 41 27 27 25  0  0 27  0  0 11 14 27  0 14  0 11  0  0 27 27  0  0  0 36  0 41  0 36  0  1  0 41 36 27  0 11
 38  1  0  0 38  0  0  0 38 41  0 34  0 41  0 34 27 34  0 27  0  0 34  0  0  0 34  0  0 41 27 38 21 34 34 38 27  0 34 27 41  0  0  0  0  0  1  0 18  0  0 41 34  0  0 10  0  0 41 41  0 41 38  0  0 34 27  0  0 38 34  2 13  1  0 34  0 18 41 38  0  0 38  0  0 13  0  0 41 41 21 18 27  0  4 34  0  0 27 27 21  0 27  0 27  0  0 22 22  0  4  0 38  0 41  0 38  0  0  0 41 38 13  0 27
  0 23 29 29  0 41 29 40  0  1 29  0 41  0 41  0  0  0 29  0 29 40  0 40 41 40  0 40 23  0  0  0  0  0  0  0  0 41  0  0  9 41 23 29 16 41  0 29  0 40 40  0  0 21 41  0 41 41  0  8 29  0  0 41 23  0  0 29 29  0  0 41  0 41 29  0 21  0  0  0 21 41  0 41 40  0 41 16  0  0  0  0  0 23 41  0  5 41  0  0  0  8  0 40  0 40 41  0  0 29 41 41  0 41  0 40  0 40 41 41  0  0  0 41  0
  0 23 29 29  0 41 29 40  0  0 29  0 41  0 41  0  0  0 29  0 29 40  0 40 41 40  0 40 23  0  0  0  0  0  0  0  0 41  0  0  3 41 23 29 16 41  0 29  0 40 40  0  0 21 41  0 41 41  8  0 29  0  0 41 23  0  0 29 29  0  0 41  0 41 29  0 21  0  0  0 21 41  0 41 40  0 41 16  3  0  0  0  0 23 41  0  8 41  0  0  1  4  0 40  0 40 41  0  0 29 41 41  0 41  0 40  0 40 41 41  0  0  0 41  0
 23  0  9  0 16  0  0  1  4 29  0 26  0 29  0 26 36 26  0 36  0  0 26  0  0  0 26  0  0 29 36 15 38 26 26  1 36  0 26 36 29  0  0  0  0  0 38  0 38  0  0 29 26  0  0 38  0  0 29 29  0 29 18  0  0 26 36  0  0 16 26  0 38  0  0 26  0 38 29  7  0  0 18  0  0 38  0  0 29 29 38 38 36  0  0 26  0  0 36 36 38  0 36  0 36  0  0 38 38  0  0  0 15  0 29  1 15  0  0  0 29 23 38  0 36
  0  4 29 29  0 41 29 40  0  0 29  0 41  0 41  0  0  0 29  0 29 40  0 40 41 40  0 40 19  8  0  0  0  0  0  0  0 41  0  0  0 41  1 29 16 41  0 29  0 40 40  0  0 15 41  0 41 41  0  0 29  0  1 41 19  0  0 29 29  0  0 41  0 41 29  0 15  0  0  0 15 41  0 41 40  0 41 16  0  0  0  0  0  8 41  0 23 41  0  0  0 23  0 40  0 40 41  0  0 29 41 41  0 41  1 40  0 40 41 41  0  0  0 41  0
  0 29 18 11  4 36 10 26  0  0 19  0 38  0 38  0  0  0 11  0 10 26  0 26 36 26  0 26 29  0  0  0  0  0  0  0  0 36  0  0  0 38 29 19 29 36  0 19  0 26 26  0  0 29 36  0 36 38  0  0 18  1  0 36 29  0  0 15 15  0  0 38  0 36  8  0 29  0  0  0 29 36 10 38 26  0 36 29  0  0  0  0  0 29 38  0 29 36  0  0  0 29  0 26  0 26 36  0  0 15 38 38  0 38  0 26  0 26 38 38  0  0  0 36  0
 36  0  0  0 36  0  0  0 36 41  0 27  0 41  0 27 19 27  0 19  0  0 27  0  1  0 27  0  0 41 12 36 27 27 27 36  3 10 27 19 41  0  0  0  0  0 27  0 27  0  0 41 27  0  0 27  0  0 41 41  0 41 36  0  0 27  3  0  0 36 27  0 27  0  0 27  0 27 41 36  0  0 36  0  0 27  0  0 41 41 27 27 12  0  0 27  0  1 19 18 27  0 18  0 19  0  6 27 27  0  0  0 36  0 41  0 36  0  0  0 41 36 27  0 19
 29  0  0  0 29  0  0  0 29  1  0 40  0 21  0 40 41 40  0 41  0  0 40  0  0  0 40  0 10 19 41 29 41 40 40 29 41  0 40 41 23  0  0  0  0  0 41  0 41  0  0 21 40  0  0 41  0  0 23 23  0 19 29  0  0 40 41  0  0 29 40  0 41  0  0 40  0 41  4 29  0  0 29  0  0 41  0  0 21  6 41 41 41  0  0 40  1  0 41 41 41  0 41  0 41  0  0 41 41  0  0  0 29  0 20  0 29  0  0  0 20 29 41  0 41
  0 40 26 26  0 27 26  9  0  0 26  0 34  0 34  0  0  1 26  0 26 22  0 23 27 19  0 23 40  0  0  0  0  0  1  0  0 27  0  0  0 34 40 26 40 27  0 26  0 13 22  0  9 40 27  0 27 34  0  0 26  0  0 27 40  0  0 26 26  0  9 34  0 27 26  0 40  0  0  0 40 27  0 34 22  0 27 40  0  1  0  0  0 40 34  0 40 27  1  0  0 40  0 13  0  9 27  0  0 26 34 34  0 34  0 19  0 23 34 34  0  0  0 27  0
  0 41 36 36  0 19 36 27  0  0 36  0 27  0 27  0  0  0 36  0 36 27  0 27 18 27  0 27 41  0  0  0  0  0  0  0  6 10  0  0  0 27 41 36 41 18  0 36  0 27 27  0  0 41 12  0 19 27  0  0 36  0  0  3 41  0  0 36 36  0  0 27  0 18 36  0 41  0  0  0 41 19  0 27 27  0 12 41  0  0  0  0  1 41 27  1 41 12  0  1  0 41  0 27  0 27  4  0  0 36 27 27  0 27  0 27  0 27 27 27  0  0  0 19  0
 17  0  0  0  1  0  3  0 16 29  2 26  0 29  0 26 36 26  0 36  0  0 26  1  0  0 26  0  0 29 36 15 38 26 26 16 36  0 26 36 29  0  1  0  0  0 38  0 38  0  0 29 26  0  0 38  0  0 29 29  0 29 15  0  0 26 36  0  4  2 26  0 38  0  0 26  0 38 29 16  0  0 15  0  0 38  0  0 29 29 38 38 36  0  0 26  0  0 36 36 38  0 36  0 36  0  0 38 38  1  0  0 15  0 29  0 15  0  0  0 29 17 38  0 36
 17  1  0  0  1  0  0  0 16 29  0 26  0 29  0 26 36 26  0 36  1  0 26  0  0  0 26  0  0 29 36 15 38 26 26 16 36  0 26 36 29  0  0  4  0  0 38  0 38  0  0 29 26  0  0 38  0  0 29 29  0 29 15  0  0 26 36  4  0  3 26  0 38  0  0 26  0 38 29 16  0  0 15  0  0 38  0  0 29 29 38 38 36  0  0 26  0  0 36 36 38  0 36  0 36  0  0 38 38  9  0  0 15  0 29  0 15  0  0  0 29 17 38  0 36
  0 29 16 15  7 36 15 26  0  0 17  0 38  0 38  0  0  0 15  0 15 26  0 26 36 26  0 26 29  0  0  0  0  0  0  0  0 36  0  0  0 38 29 17 29 36  1 17  0 26 26  0  0 29 36  0 36 38  0  0 16  0  0 36 29  0  0  2  3  0  0 38  0 36 15  0 29  0  0  0 29 36  0 38 26  0 36 29  0  0  0  0  0 29 38  2 29 36  0  1  0 29  0 26  0 26 36  0  0  2 38 38  0 38  0 26  0 26 38 38  0  0  0 36  0
  0 40 26 26  0 27 26  8  0  0 26  0 34  0 34  0  0  0 26  0 26 22  0 23 27 19  0 23 40  0  0  0  0  0  0  0  0 27  0  0  0 34 40 26 40 27  0 26  0 13 22  0  9 40 27  0 27 34  0  0 26  0  0 27 40  9  0 26 26  0  0 34  0 27 26  0 40  0  0  0 40 27  0 34 22  0 27 40  0  0  0  0  0 40 34  0 40 27  0  0  0 40  0 13  0  5 27  0  0 26 34 34  1 34  0 19  0 23 34 34  0  0  0 27  0
 38  0  0  0 38  0  0  0 38 41  0 34  0 41  0 34 27 34  0 27  0  0 34  0  0  0 34  0  0 41 27 38 25 34 34 38 27  0 34 27 41  0  0  0  0  0 22  0 13  0  0 41 34  0  0 22  0  2 41 41  0 41 38  0  0 34 27  0  0 38 34  0 11  3  0 34  0 13 41 38  0  0 38  0  0 11  0  0 41 41 25 13 27  0  0 34  0  0 27 27 25  0 27  0 27  0  0  6  5  0  0 10 38  1 41  0 38  0  0  0 41 38 11  0 27
  0 41 38 38  0 27 38 34  0  0 38  0 11  1  1  0  1  0 38  0 38 34  0 34 27 34  0 34 41  0  0  0  0  0  0  0  0 27  0  0  0  8 41 38 41 27  0 38  0 34 34  0  0 41 27  0 27 13  0  0 38  0  0 27 41  0  0 38 38  0  0 11  0 27 38  0 41  0  0  0 41 27  0 13 34  4 27 41  0  0  0  0  0 41 13  0 41 27  0  0  0 41  0 34  2 34 27  0  0 38 13 11  0 11  0 34  0 34 11 13  0  0  9 27  0
 36  0  0  0 36  0  0  0 36 41  0 27  0 41  0 27 14 27  0 14  0  0 27  0  6  0 27  0  0 41 25 36 27 27 27 36 18  0 27 14 41  0  0  0  0  3 27  0 27  0  0 41 27  0  2 27  0  1 41 41  0 41 36  0  0 27 18  0  0 36 27  3 27  0  0 27  0 27 41 36  1  0 36  0  0 27  0  0 41 41 27 27 25  0  0 27  0  0 24  9 27  0  5  0 24  0  2 27 27  0  0  0 36  0 41  0 36  0  0  0 41 36 27  0 24
 19  0  0  0 15  0  8  0 18 29  0 26  0 29  0 26 36 26  0 36  8  0 26  0  0  0 26  0  0 29 36 11 38 26 26 18 36  0 26 36 29  0  0  0  0  0 38  0 38  0  0 29 26  0  0 38  0  0 29 29  0 29  8  0  0 26 36  0  0 15 26  0 38  0  0 26  0 38 29 18  0  0  1  0  1 38  0  0 29 29 38 38 36  0  0 26  0  0 36 36 38  0 36  0 36  0  0 38 38  1  0  0 11  0 29  0 11  1  0  0 29 19 38  0 36
  0 40 26 26  0 27 26 19  0  0 26  0 34  0 34  0  0  2 26  0 26 24  1 21 27  8  0 21 40  0  0  1  0  0  0  0  0 27  4  0  0 34 40 26 40 27  0 26  0 14 24  0  2 40 27  0 27 34  0  0 26  0  0 27 40  0  0 26 26  0  0 34  0 27 26  0 40  0  0  0 40 27  0 34 24  0 27 40  0  0  0  0  0 40 34  0 40 27  0  0  0 40  0 14  0 19 27  0  0 26 34 34  0 34  0  5  0 21 34 34  0  0  0 27  0
 29  0  0  0 29  0  0  0 29 20  0 40  0 21  0 40 41 40  0 41  0  0 40  0  0  0 40  0  0 15 41 29 41 40 40 29 41  0 40 41 21  0  0  0  0  0 41  0 41  0  0 21 40  5  0 41  0  0 21 21  0 15 29  0  0 40 41  0  0 29 40  0 41  0  0 40  0 41 20 29  2  0 29  0  0 41  0  0 21 20 41 41 41  0  0 40  0  0 41 41 41  0 41  0 41  0  0 41 41  0  0  0 29  0  5  0 29  0  0  0  8 29 41  0 41
  0 41 38 38  0 27 38 34  0  0 38  0 16  0 13  0  0  0 38  0 38 34  0 34 27 34  0 34 41  0  0  0  0  0  0  0  0 27  0  0  0 13 41 38 41 27  0 38  1 34 34  0  0 41 27  0 27 18  0  0 38  0  0 27 41  0  0 38 38  0  0 13  0 27 38  0 41  0  1  0 41 27  0  1 34  0 27 41  1  0  0  3  0 41 18  0 41 27  0  0  0 41  0 34  0 34 27  0  0 38 18 13  0 13  0 34  0 34 16  4  0  0  0 27  0
  0 19 29 29  0 41 29 40  0 10 29  0 41  0 41  0  0  0 29  0 29 40  0 40 41 40  0 40  5  0  0  0  0  0  0  0  0 41  0  0  0 41 19 29 21 41  0 29  0 40 40  0  0 20 41  0 41 41  0  0 29  0  0 41  4  0  0 29 29  0  0 41  0 41 29  0 20  1  0  0 20 41  0 41 40  0 41 21  0  4  0  0  0 19 41  0 23 41  0  0  0 23  0 40  0 40 41  0  0 29 41 41  0 41  0 40  0 40 41 41  0  0  0 41  0
  0 29  4 15  0 36 18 26  2  0 23  0 38  0 38  0  0  0 15  0 18 26  1 26 36 26  0 26 29  0  0  1  0  0  0  8  0 36  0  0  0 38 29 23 29 36  0 23  0 26 26  0  0 29 36  0 36 38  0  0  7  0  0 36 29  0  0 16 16  0  0 38  0 36 18  0 29  0  0  0 29 36  0 38 26  0 36 29  0  0  0  0  0 29 38  0 29 36  0  0  0 29  0 26  0 26 36  0  0 16 38 38  0 38  0 26  0 26 38 38  0  0  0 36  0
 29  1  0  0 29  0  0  0 29 20  0 40  0 21  0 40 41 40  0 41  0  0 40  0  0  0 40  0  0 15 41 29 41 40 40 29 41  0 40 41 21  0  0  0  0  0 41  0 41  0  0 21 40  1  0 41  0  0 21 21  0 15 29  0  0 40 41  0  0 29 40  0 41  1  0 40  2 41 20 29  0  0 29  0  0 41  0  0 21 20 41 41 41  0  0 40  0  0 41 41 41  0 41  0 41  0  0 41 41  0  0  0 29  0  7  0 29  0  0  0  7 29 41  0 41
 36  0  0  0 36  0  0  0 36 41  0 27  0 41  1 27  8 27  0  4  0  0 27  0  0  0 27  0  0 41 25 36 27 27 27 36 19  0 27  7 41  0  0  0  1  0 27  0 27  0  0 41 27  0  0 27  1  0 41 41  0 41 36  0  0 27 19  0  0 36 27  0 27  0  0 27  0 27 41 36  0  0 36  0  0 27  0  0 41 41 27 27 25  0  0 27  0  0 11 14 27  0 14  1 11  0  0 27 27  0  0  0 36  0 41  1 36  0  0  0 41 36 27  1 11
  0 29 18 11  0 36  8 26  0  0 19  0 38  0 38  0  0  0 11  0  4 26  0 26 36 26  0 26 29  0  0  0  0  0  0  0  0 36  0  0  0 38 29 19 29 36  2 19  0 26 26  0  0 29 36  0 36 38  0  0 18  0 10 36 29  0  0 15 15  0  0 38  0 36  1  0 29  0  0  0 29 36  0 38 26  0 36 29  0  0  0  0  0 29 38  0 29 36  0  0  0 29  0 26  0 26 36  0  0 15 38 38  0 38  0 26  0 26 38 38  0  0  0 36  0
 38  0  0  0 38  0  0  0 38 41  0 34  3 41  1 34 27 34  0 27  0  0 34  0  0  0 34  0  0 41 27 38 16 34 34 38 27  0 34 27 41  0  0  0  0  0 18  0  4  0  0 41 34  0  0 18  0  0 41 41  0 41 38  0  0 34 27  0  0 38 34  0 13  0  0 34  0  1 41 38  0  0 38  0  0 13  0  0 41 41 16  5 27  0  0 34  0  0 27 27 16  0 27  0 27  0  0 13 13  0  0  0 38  0 41  0 38  0  0  4 41 38 13  1 27
 26  0  0  0 26  0  0  0 26 40  0 24  0 40  0  2 27 24  0 27  0  6 23  0  0  0 23  0  0 40 27 26 34  2 23 26 27  0 24 27 40  0  0  0  0  0 34  0 34  0  2 40 22  0  0 34  0  0 40 40  0 40 26  0  0 22 27  0  0 26 22  0 34  0  1 24  0 34 40 26  0  0 26  0  0 34  0  0 40 40 34 34 27  0  0 24  0  0 27 27 34  0 27  0 27  0  0 34 34  0  0  0 26  0 40  0 26  0  0  0 40 26 34  0 27
  0 41 38 38  0 27 38 34  0  0 38  0 11  0  6  0  0  0 38  0 38 34  0 34 27 34  0 34 41  0  0  0  0  0  0  0  0 27  0  0  0  5 41 38 41 27  0 38  0 34 34  0  0 41 27  0 27 13  0  0 38  0  0 27 41  0  0 38 38  0  0 11  4 27 38  0 41  0  0  0 41 27  0 13 34  0 27 41  1  0  0  0  0 41 13  0 41 27  0  0  3 41  0 34  0 34 27  0  0 38 13 11  0 11  0 34  0 34 11 13  0  0  7 27  0
 36  0  0  0 36  0  0  0 36 41  0 27  0 41  0 27 25 27  0 25  0  0 27  0  0  0 27  0  0 41 10 36 27 27 27 36 12  2 27 25 41  0  0  0  0  0 27  0 27  0  0 41 27  0  9 27  0  0 41 41  0 41 36  0  0 27 12  0  0 36 27  0 27  0  0 27  0 27 41 36  0  0 36  0  0 27  0  0 41 41 27 27  7  0  0 27  0  8 25 25 27  0 25  0 25  0  0 27 27  0  1  0 36  0 41  0 36  0  0  0 41 36 27  0 25
 29  0  0  0 29  0  0  0 29 21  0 40  0  9  0 40 41 40  1 41  0  0 40  0  0  0 40  0  0 16 41 29 41 40 40 29 41  0 40 41 16  0  0  0  3  0 41  0 41  0  0  5 40  0  0 41  0  0 16 16  0 16 29  0  0 40 41  0  0 29 40  0 41  0  0 40  0 41 21 29  0  0 29  0  0 41  0  0  4 21 41 41 41  0  0 40  0  0 41 41 41  0 41  0 41  1  0 41 41  0  0  0 29  0 21  0 29  0  1  0 21 29 41  0 41
  0 16 29 29  0 41 29 40  0  0 29  0 41  5 41  0  0  0 29  0 29 40  0 40 41 40  0 40 21  0  0  0  0  0  0  0  0 41  0  0  0 41 16 29  8 41  0 29  0 40 40  8  0 21 41  0 41 41  0  3 29  0  0 41 21  0  0 29 29  0  0 41  0 41 29  0 21  1  0  0 21 41  0 41 40  1 41  4  0  0  0  0  0 16 41  0 16 41  0  0  0 16  0 40  0 40 41  0  0 29 41 41  0 41  0 40  0 40 41 41  0  0  0 41  0
  0 19 29 29  0 41 29 40  0  5 29  0 41  0 41  0  0  0 29  0 29 40  0 40 41 40  0 40  1  0  0  0  0  0  0  0  0 41  0  0  0 41 19 29 21 41  0 29  0 40 40  1  0 20 41  0 41 41  0  0 29  0  0 41  6  1  0 29 29  0  0 41  0 41 29  0 20  0  4  0 20 41  0 41 40  0 41 21  0  0  0  0  0 19 41  0 23 41  0  0  0 23  0 40  0 40 41  0  0 29 41 41  0 41  0 40  0 40 41 41  0  0  0 41  0
  0 41 38 38  0 27 38 34  0  0 38  0  1  0 11  0  0  0 38  0 38 34  0 34 27 34  0 34 41  0  0  0  1  0  0  0  0 27  0  0  0 11 41 38 41 27  0 38  1 34 34  0  0 41 27  0 27 21  0  0 38  0  0 27 41  0  0 38 38  0  0 25  0 27 38  0 41  0  0  0 41 27  0 16 34  0 27 41  0  0  0  0  0 41 21  0 41 27  0  0  8 41  0 34  0 34 27  0  0 38 21 25  0 25  0 34  0 34  2 16  0  0  3 27  0
  0 41 38 38  0 27 38 34  0  0 38  0 16  0 13  0  0  0 38  0 38 34  0 34 27 34  0 34 41  0  0  0  3  0  0  0  0 27  0  0  0 13 41 38 41 27  0 38 10 34 34  0  0 41 27  0 27 18  0  0 38  0  0 27 41  0  0 38 38  0  0 13  0 27 38  0 41  3  0  0 41 27  0  5 34  0 27 41  0  0  0  0  0 41 18  0 41 27  0  0  0 41  0 34  0 34 27  0  0 38 18 13  0 13  0 34  0 34 16  6  0  0  0 27  0
  0 41 36 36  0 25 36 27  0  0 36  0 27  0 27  0  0  0 36  0 36 27  0 27 25 27  0 27 41  0 10  0  0  1  0  0  0 12  0  0  0 27 41 36 41 25  0 36  0 27 27  0  0 41  6  0 25 27  0  0 36  0  0 12 41  0  1 36 36  0  0 27  0 25 36  0 41  0  0  0 41 25  0 27 27  0  7 41  0  0  0  0  0 41 27  0 41 10  0  2  0 41  0 27  0 27 12  0  0 36 27 27  0 27  0 27  0 27 27 27  0  0  0 25  0
 29  4  0  0 29  0  0  0 29 19  0 40  0 16  0 40 41 40  0 41  0  0 40  0  0  0 40  0  0  2 41 29 41 40 40 29 41  0 40 41 23  0  7  0  0  0 41  0 41  0  0 16 40  0  0 41  0  0 23 23  0  8 29  0  0 40 41  0  0 29 40  0 41  0  0 40  0 41 19 29  0  0 29  0  0 41  0  0 16 19 41 41 41  0  0 40  0  0 41 41 41  0 41  0 41  0  0 41 41  0  0  0 29  0 15  0 29  0  0  0 15 29 41  0 41
 38  0  0  0 38  0  0  0 38 41  0 34  0 41  0 34 27 34  0 27  0  0 34  0  1  0 34  0  0 41 27 38 21 34 34 38 27  0 34 27 41  0  0  0  0  0  4  0 18  0  0 41 34  0  0  2  0  4 41 41  0 41 38  0  0 34 27  0  0 38 34  0 13  0  0 34  0 18 41 38  0  0 38  0  0 13  0  0 41 41 21 18 27  0  0 34  0  0 27 27 21  0 27  0 27  0  0 22 22  0  4  0 38  2 41  0 38  0  0  0 41 38 13  0 27
  0 40 26 26  0 27 26 23  0  0 26  3 34  0 34  0  0  0 26  0 26 24  0  6 27 21  0  9 40  0  0  0  0  0  0  0  0 27  0  0  0 34 40 26 40 27  1 26  0 14 24  0  0 40 27  0 27 34  0  0 26  0  0 27 40  0  1 26 26  2  0 34  0 27 26  0 40  0  0  0 40 27  0 34 24  0 27 40  0  0  0  0  0 40 34  0 40 27  0  0  0 40  0 14  0 23 27  0  0 26 34 34  0 34  0 21  0  3 34 34  0  1  0 27  0
 29  0  0  0 29  0  0  0 29 23  0 40  0 16  0 40 41 40  0 41  0  0 40  0  0  0 40  0  0 23 41 29 41 40 40 29 41  0 40 41  5  0  0  0  0  0 41  0 41  0  0 16 40  0  0 41  0  0  5  8  0 23 29  0  1 40 41  0  0 29 40  0 41  0  0 40  0 41 23 29  0  0 29  0  0 41  0  0 16 23 41 41 41  0  0 40  0  0 41 41 41  3 41  0 41  0  0 41 41  0  0  0 29  0 21  0 29  0  0  0 21 29 41  0 41
 36  0  0  0 36  0  0  0 36 41  0 27  0 41  0 27 25 27  0 25  0  0 27  0  2  0 27  0  0 41  8 36 27 27 27 36 12  0 27 25 41  0  0  0  0  0 27  0 27  0  0 41 27  0  4 27  0  0 41 41  0 41 36  1  0 27 12  0  0 36 27  0 27  0  0 27  0 27 41 36  0  0 36  0  0 27  8  0 41 41 27 27 10  0  0 27  0  0 25 25 27  0 25  0 25  0  0 27 27  0  0  0 36  1 41  0 36  0  0  0 41 36 27  0 25
  0 41 36 36  0  3 36 27  0  0 36  0 27  0 27  0  0  0 36  0 36 27  0 27 24 27  0 27 41  0  0  0  0  0  0  0  0 19  0  3  0 27 41 36 41 24  0 36  2 27 27  0  0 41 25  0 11 27  0  0 36  0  0 19 41  1  0 36 36  0  0 27  0 24 36  0 41  0  0  0 41 11  0 27 27  0 25 41  0  0  0  0  0 41 27  0 41 25  0  0  0 41  0 27 10 27 19  0  0 36 27 27  0 27  0 27  0 27 27 27  0  0  0  3  3
  0 41 36 36  0 24 36 27  0  0 36  0 27  0 27  0  0  0 36  0 36 27  0 27  9 27  0 27 41  0  0  0  0  0  0  0  0 18  0  0  0 27 41 36 41  5  0 36  0 27 27  0  0 41 25  0 14 27  0  0 36  0  0 18 41  0  1 36 36  1  0 27  0  9 36  0 41  0  0  0 41 14  0 27 27  0 25 41  0  0  0  0  2 41 27  0 41 25  0  0  0 41  1 27  0 27 18  0  0 36 27 27  0 27  0 27  0 27 27 27  0  0  0 24  0
  0 41 38 38  0 27 38 34  0  0 38  0  3  0 11  0  0  0 38  1 38 34  0 34 27 34  0 34 41  0  0  0  7  0  0  0  0 27  0  0  0 11 41 38 41 27  0 38  0 34 34  0  0 41 27  0 27 21  0  1 38  0  0 27 41  0  0 38 38  0  0 25  0 27 38  0 41  0  0  0 41 27  0 16 34  3 27 41  0  0  8  0  0 41 21  0 41 27  0  0  0 41  0 34  0 34 27  0  0 38 21 25  0 25  0 34  0 34  5 16  0  0  0 27  0
 29  0  0  0 29  0  0  0 29 23  0 40  0 16  0 40 41 40  0 41  0  0 40  0  0  0 40  0  0 23 41 29 41 40 40 29 41  0 40 41 10  0  0  0  4  0 41  0 41  0  0 16 40  0  0 41  0  0  8  4  0 23 29  0  0 40 41  0  0 29 40  0 41  0  0 40  0 41 23 29  0  0 29  0  0 41  0  0 16 23 41 41 41  0  0 40  3  0 41 41 41  0 41  0 41  0  0 41 41  0  0  0 29  0 21  0 29  0  0  0 21 29 41  0 41
  0 41 36 36  0 24 36 27  0  0 36  0 27  0 27  0  0  0 36  0 36 27  0 27 10 27  0 27 41  0  2  0  0  0  0  0  1 18  0  0  0 27 41 36 41  1  0 36  0 27 27  0  0 41 25  0 14 27  0  0 36  0  0 18 41  0  0 36 36  0  0 27  0  5 36  0 41  0  0  0 41 14  0 27 27  0 25 41  0  0  0  0  0 41 27  0 41 25  0  1  0 41  0 27  0 27 18  1  0 36 27 27  0 27  0 27  0 27 27 27  0  0  0 24  0
 26  0  0  0 26  0  0  1 26 40  0 14  0 40  0 23 27 14  0 27  0  0  7  0  0  0  3  0  0 40 27 26 34 23  8 26 27  0 14 27 40  0  0  0  0  0 34  0 34  1  0 40 13  0  0 34  0  0 40 40  0 40 26  0  0 13 27  0  0 26 13  0 34  0  0 14  0 34 40 26  0  1 26  0  0 34  0  0 40 40 34 34 27  0  0 14  0  0 27 27 34  0 27  0 27  0  0 34 34  0  0  0 26  0 40  1 26  0  0  0 40 26 34  0 27
  0 41 36 36  0  4 36 27  0  0 36  0 27  0 27  0  0  0 36  0 36 27  0 27 24 27  0 27 41  0  0  0  1  0  0  0  0 19  0  0  0 27 41 36 41 24  0 36  0 27 27  0  0 41 25  0 11 27  0  0 36  0  0 19 41  0  0 36 36  0  0 27  2 24 36  0 41  0  0  0 41 11  0 27 27  0 25 41  0  0  0  0  0 41 27  0 41 25 10  0  0 41  0 27  0 27 19  0  0 36 27 27  0 27  0 27  0 27 27 27  0  0  0  6  3
 26  0  0  0 26  0  0  7 26 40  0 23  0 40  0 22 27 19  1 27  0  0 13  0  0  1 13  0  0 40 27 26 34 22 13 26 27  0 19 27 40  0  0  0  0  0 34  0 34  2  0 40  4  0  0 34  0  0 40 40  0 40 26  0  0  9 27  0  0 26  5  0 34  0  0 19  0 34 40 26  0  0 26  0  0 34  0  1 40 40 34 34 27  0  0 23  0  0 27 27 34  0 27  0 27  0  0 34 34  0  0  0 26  0 40  0 26  0  0  0 40 26 34  0 27
 36  0  0  0 36  0  0  0 36 41  0 27  0 41  0 27 19 27  0 19  0  0 27  0  0  0 27  0  0 41 12 36 27 27 27 36  5  1 27 19 41  0  0  0  0  0 27  0 27  0  0 41 27  0  3 27  0  0 41 41  0 41 36  6  0 27  4  0  0 36 27  0 27  2  0 27  0 27 41 36  0  0 36  0  0 27  0  0 41 41 27 27 12  0  0 27  0  0 19 18 27  0 18  0 19  0  0 27 27  0  0  0 36  0 41  0 36  0  0  0 41 36 27  0 19
  0 41 38 38  0 27 38 34  0  0 38  1 25  0 11  0  0  0 38  0 38 34  0 34 27 34  0 34 41  0  0  0  0  0  0  0  0 27  0  0  0 11 41 38 41 27  0 38  0 34 34  0  0 41 27  0 27 22  0  0 38  0  0 27 41  0  0 38 38  0  0  6  0 27 38  0 41  0  0  0 41 27  0 13 34  0 27 41  0  0  0  0  0 41 22  0 41 27  0  0  0 41  1 34  0 34 27  0  1 38 22 10  0  9  0 34  0 34 25 13  0  0  0 27  0
  0 41 38 38  0 27 38 34  0  0 38  0 25  0 11  0  0  0 38  0 38 34  0 34 27 34  0 34 41  0  0  0  0  1  0  0  0 27  0  0  0 11 41 38 41 27  0 38  0 34 34  0  0 41 27  0 27 22  0  0 38  0  0 27 41  0  0 38 38  0  0  5  0 27 38  0 41  0  0  0 41 27  0 13 34  0 27 41  0  0  0  0  0 41 22  0 41 27  0  0  0 41  0 34  0 34 27  1  0 38 22  8  0  3  0 34  0 34 25 13  0  0  0 27  0
 17  0  0  0  1  0  0  0 16 29  0 26  0 29  0 26 36 26  0 36  0  0 26  0  0  0 26  0  0 29 36 15 38 26 26 16 36  0 26 36 29  0  0  0  0  0 38  1 38  0  0 29 26  1  0 38  0  0 29 29  0 29 15  0  0 26 36  1  9  2 26  0 38  0  1 26  0 38 29 16  0  0 15  0  0 38  0  0 29 29 38 38 36  0  0 26  0  0 36 36 38  0 36  0 36  0  0 38 38  0  0  2 15  0 29  0 15  0  0  0 29 17 38  0 36
 38  0  0  0 38  0  0  0 38 41  0 34  0 41  0 34 27 34  0 27  0  0 34  0  0  0 34  0  0 41 27 38 21 34 34 38 27  1 34 27 41  0  0  0  0  0  5  0 18  0  0 41 34  1  0  4  0  4 41 41  0 41 38  0  0 34 27  0  0 38 34  0 13  0  0 34  0 18 41 38  0  0 38  0  0 13  1  0 41 41 21 18 27  0  4 34  0  0 27 27 21  0 27  0 27  0  0 22 22  0  0  1 38  0 41  0 38  0  0  0 41 38 13  0 27
 38  0  0  0 38  0  0  0 38 41  0 34  0 41  0 34 27 34  0 27  0  0 34  0  0  0 34  0  0 41 27 38 25 34 34 38 27  2 34 27 41  0  0  0  0  0 22  1 13  0  0 41 34  0  0 22  0  0 41 41  0 41 38  0  0 34 27  0  0 38 34 10 11  0  0 34  0 13 41 38  0  0 38  0  0 11  0  0 41 41 25 13 27  0  0 34  0  0 27 27 25  0 27  0 27  0  0 10  8  2  1  0 38 10 41  0 38  0  0  0 41 38 11  0 27
  0 29 15  3  0 36 11 26  0  0 24  0 38  0 38  0  0  0  6  0 11 26  0 26 36 26  0 26 29  0  0  6  0  0  0  1  0 36  0  0  0 38 29 24 29 36  0 24  0 26 26  0  0 29 36  0 36 38  0  0 15  0  0 36 29  0  0 15 15  0  1 38  0 36 11  0 29  0  0  0 29 36  0 38 26  0 36 29  0  0  0  0  0 29 38  0 29 36  0  0  0 29  0 26  0 26 36  0  0 15 38 38  0 38  0 26  3 26 38 38  0  0  0 36  0
 38  0  0  0 38  0  0  0 38 41  0 34  0 41  0 34 27 34  0 27  0  0 34  0  0  0 34  0  0 41 27 38 25 34 34 38 27  0 34 27 41  0  0  0  0  0 22  0 13  0  0 41 34  0  0 22  0  0 41 41  0 41 38  0  0 34 27  0  0 38 34  1 11  0  0 34  0 13 41 38  0  0 38  0  0 11  0  0 41 41 25 13 27  0  2 34  0  1 27 27 25  0 27  0 27  0  0  9  3  0  0 10 38  0 41  0 38  0  0  0 41 38 11  0 27
  0 15 29 29  0 41 29 40  0  0 29  0 41  0 41  0  0  0 29  0 29 40  0 40 41 40  0 40 20  0  0  0  0  0  0  0  0 41  0  0  0 41 15 29 21 41  0 29  0 40 40  0  0  7 41  0 41 41  0  0 29  1  0 41 20  0  0 29 29  0  0 41  0 41 29  0  5  0  0  0  7 41  0 41 40  0 41 21  0  0  0  0  0 15 41  0 21 41  0  0  0 21  0 40  0 40 41  0  0 29 41 41  0 41  0 40  0 40 41 41  7  0  0 41  0
 26  0  0  1 26  0  0  0 26 40  0 21  0 40  0 24 27  4  0 27  0  0 14  0  0  3 14  0  1 40 27 26 34 24 14 26 27  0  2 27 40  0  0  0  0  0 34  0 34  0  0 40 19  0  0 34  0  0 40 40  1 40 26  0  0 19 27  0  0 26 19  0 34  0  0  5  0 34 40 26  0  1 26  0  0 34  0  0 40 40 34 34 27  0  0 21  0  0 27 27 34  0 27  1 27  0  0 34 34  0  0  0 26  0 40  0 26  0  0  0 40 26 34  0 27
  0 29 15  6  0 36 11 26  1  0 24  0 38  0 38  0  0  0  3  0 11 26  0 26 36 26  0 26 29  0  0  7  0  0  0  0  0 36  0  0  0 38 29 24 29 36  0 24  0 26 26  0  0 29 36  0 36 38  0  0 15  0  0 36 29  0  0 15 15  0  0 38  0 36 11  0 29  0  0  0 29 36  0 38 26  0 36 29  0  0  0  0  0 29 38  0 29 36  0  0  0 29  0 26  0 26 36  0  0 15 38 38  3 38  0 26  0 26 38 38  0  0  0 36  0
 26  0  0  0 26  0  0  0 26 40  0  4  0 40  0 24 27 21  0 27  0  0 14  4  0  0 14 10  0 40 27 26 34 24 14 26 27  0 21 27 40  0  0  0  0  0 34  0 34  0  0 40 23  0  0 34  0  0 40 40  0 40 26  0  0 23 27  0  0 26 23  0 34  0  1 21  0 34 40 26  0  0 26  0  0 34  0  0 40 40 34 34 27  0  0  3  0  0 27 27 34  0 27  0 27  0  0 34 34  0  0  0 26  0 40  0 26  0  0  0 40 26 34  0 27
 38  0  0  0 38  0  0  0 38 41  0 34  2 41  0 34 27 34  0 27  0  0 34  0  0  0 34  0  0 41 27 38  7 34 34 38 27  0 34 27 41  2  0  0  0  0 21  0 16  0  0 41 34  0  0 21  1  0 41 41  0 41 38  0  0 34 27  0  0 38 34  0 11  0  0 34  0 16 41 38  0  0 38  0  0 11  0  1 41 41  2 16 27  0  0 34  0  0 27 27  5  0 27  0 27  0  0 25 25  0  0  0 38  0 41  0 38  0  0  1 41 38 11  0 27
 38  0  0  0 38  0  0  0 38 41  0 34  0 41  0 34 27 34  0 27  0  0 34  0  0  0 34  0  0 41 27 38 16 34 34 38 27  0 34 27 41  0  0  0  0  0 18  0 10  0  0 41 34  0  0 18  0  0 41 41  0 41 38  0  0 34 27  0  0 38 34  0 13  0  0 34  0  4 41 38  0  0 38  4  0 13  0  0 41 41 16  6 27  0  0 34  0  0 27 27 16  0 27  0 27  0  0 13 13  0  0  0 38  0 41  0 38  0  1  0 41 38 13  0 27
  0 15 29 29  0 41 29 40  0  0 29  0 41  0 41  0  0  0 29  0 29 40  0 40 41 40  0 40 20  0  0  0  0  1  0  0  0 41  0  0  0 41 15 29 21 41  0 29  0 40 40  0  0  5 41  0 41 41  0  0 29  0  0 41 20  0  0 29 29  0  0 41  0 41 29  0  8  0  0  0  7 41  0 41 40  0 41 21  0  0  0  0  0 15 41  0 21 41  0  0  0 21  0 40  0 40 41  0  0 29 41 41  0 41  7 40  0 40 41 41  0  0  0 41  0
  3 29 23 24  0 36 19 26  0  0  6  0 38  0 38  0  0  0 24  0 19 26  0 26 36 26  0 26 29  0  0  0  0  0  0  0  0 36  0  0  0 38 29  2 29 36  0  5  0 26 26  0  0 29 36  0 36 38  0  0 23  0  0 36 29  0  0 17 17  0  0 38  0 36 19  0 29  0  0  0 29 36  0 38 26  0 36 29  0  0  0  0  0 29 38  1 29 36  0  0  0 29  0 26  0 26 36  0  0 17 38 38  0 38  0 26  0 26 38 38  0  0  0 36  0
  0 41 38 38  0 27 38 34  0  0 38  0 11  0  1  0  0  0 38  0 38 34  0 34 27 34  0 34 41  0  0  0  0  0  0  0  0 27  0  0  1  1 41 38 41 27  0 38  1 34 34  0  0 41 27  0 27 13  0  0 38  0  0 27 41  0  0 38 38  0  0 11  9 27 38  0 41  0  0  0 41 27  0 13 34  7 27 41  0  0  3  0  0 41 13  0 41 27  0  0  0 41  0 34  0 34 27  0  0 38 13 11  0 11  0 34  0 34 11 13  0  0  0 27  0
 36  0  0  0 36  5  0  2 36 41  0 27  1 41  0 27 11 27  0 11  0  0 27  0  0  0 27  0  0 41 25 36 27 27 27 36 19  0 27 11 41  0  0  0  1  0 27  0 27  0  0 41 27  0  0 27  0  0 41 41  0 41 36  0  0 27 19  0  0 36 27  0 27  0  0 27  0 27 41 36  0  1 36  1  0 27  0  0 41 41 27 27 25  0  0 27  0  0  3 24 27  0 24  0  6  0  0 27 27  0  0  0 36  0 41  0 36  0  0  0 41 36 27  0  9
  0 41 36 36  0  8 36 27  0  0 36  0 27  0 27  0  0  0 36  1 36 27  0 27 24 27  0 27 41  0  0  0  0  0  0  0  0 19  0  0  0 27 41 36 41 24  0 36  0 27 27  0  0 41 25  0 11 27  0  0 36  0  0 19 41  0  0 36 36  0  0 27  0 24 36  0 41  0  0  0 41 11  0 27 27  0 25 41  0  0  0  0  0 41 27  0 41 25  3  0  0 41  0 27  3 27 19  0  0 36 27 27  0 27  0 27  0 27 27 27  0  0  0  9  0

  0  0 41  0 41 29  0 41 21 41  0 41 23 29  0  0  0  0 23  0  0 41  0 29  0 40  0 40  0  7  0  0  0 41  1 40  0 41  0  0 29  0  3  0 41 40  0 41 29 41 40  0  0 29 41 29  0 41 23  0 41 41 21  0 21 41  0  0  0  0  0  0 41 40  0  0  0  0  0  0  0  0  0 40 40 41 29 41  0 40  0 41  0 41  0  0 41 40  5 23 29  0  0  0 16 41  0  0 29 16 40  0 41  0  0  9  0  0 29 40 29  0 29 41 23
  0  0  0 18  0  0 38  0  0  0 27  0  0  0 34 38 34 21  0 21 34  0 13  0 41  0 27  0 41 41  2 27 38  0 41  0 27  0 27 27  0 41 41 34  0  0 38  0  0  0  0 34 38  0  0  0 34  0  0 38  0  0  0 27  0  5 34 41 13 41 41 34  0  0 18 27 38 34 34 38 34 38 41  0  0  0  0  0 13  0 38  0 18  3 41 22  0  0 41  0  0 41 34 38  0  0 38 27  0  0  0 34  5 27 27  0 21 22  0  0  0 27  0  0  0
 41  0  0  8 27 38  0 13 41 27  0 27 41 38  0  0  0  0 41  0  0  7  0 38  0 34  0 34  0  0  0  0  0 16  0 34  1 27  0  0 38  0  0  0 13 34  0 27 38 27 34  0  0 38 27 38  0 27 41  0 27 27 41  0 41 18  0  0  0  0  0  0 13 34  6  1  0  0  0  0  0  0  0 34 34 16 38 27  0 34  0 27  6 18  0  0 27 34  0 41 38  0  0  0 41 13  0  0 38 41 34  0 18  0  0 41  0  1 38 34 38  0 38 13 41
  0 18  8  0  0  0 38  0  0  0 27  0  0  0 34 38 34 16  0 16 34  7 13  0 41  0 27  0 41 41 18 27 38  0 41  0 27  0 27 27  0 41 41 34  0  0 38  1  0  0  0 34 38  0  0  0 34  0  0 38  0  0  0 27  0  0 34 41 13 41 41 34  0  0  6 27 38 34 34 38 34 38 41  0  0  0  0  0 13  0 38  1  1  0 41 13  0  0 41  0  0 41 34 38  0  2 38 27  0  0  0 34  1 27 27  0 16 13  0  0  0 27  0  0  0
 41  0 27  0  0 36  0 27 41  6  0 12 41 36  0  0  0  2 41  0  0 27  0 36  0 27  1 27  0  0  0  5  0 27  0 27  0 12  0  5 36  0  0  0 27 27  0  6 36 25 27  0  0 36 25 36  0 25 41  0 25 25 41  0 41 27  0  0  0  0  0  0 27 27  0  0  0  0  0  0  0  0  0 27 27 27 36 25  0 27  0 25  0 27  0  0 12 27  0 41 36  0  0  0 41 27  0  0 36 41 27  0 27  1  0 41  0  0 36 27 36  0 36 27 41
 29  0 38  0 36  0  0 38 29 36  0 36 29 19  0  1  0  0 29  0  0 38  0 17  0 26  0 26  0  0  0  0  0 38  0 26  0 36  0  0 23  0  0  0 38 26  1 36 19 36 26  0  0 17 36 19  0 36 29  0 36 36 29  0 29 38  0  0  0  0  0  0 38 26  0  0  0  0  0  0  2  0  0 26 26 38  8 36  0 26  5 36  0 38  0  0 36 26  0 29 23  0  0 10 29 38  0  0 24 29 26  0 38  0  0 29  0  0 24 26 17  0  3 38 29
  0 38  0 38  0  0  0  0  0  0 36  0  0  1 26 15 26 38  0 38 26  0 38  1 29  0 36  0 29 29 38 36 16  0 29  0 36  0 36 36  2 29 29 26  0  0  7  0  0  0  0 26 15  0  0  0 26  0  0 18  0  0  0 36  0  0 26 29 38 29 29 26  0  0 38 36 16 26 26 18 26 15 29  0  0  0  1  0 38  0 23  0 38  0 29 38  0  0 29  0  5 29 26 23  0  0  3 36  0  0  0 26  0 36 36  0 38 38  0  0  0 36  0  0  0
 41  0 13  0 27 38  0  0 41 27  0 27 41 38  0  0  0  0 41  0  0 13  0 38  0 34  0 34  0  0  0  0  0 25  0 34  0 27  0  0 38  0  0  0  1 34  0 27 38 27 34  0  0 38 27 38  0 27 41  0 27 27 41  0 41 22  0  0  3  0  0  0 11 34  0  0  0  0  0  0  0  0  1 34 34 25 38 27  0 34  0 27  0 22  0  2 27 34  0 41 38  0  0  0 41  1  0  0 38 41 34  0 22  0  0 41  0  3 38 34 38  0 38 11 41
 21  0 41  0 41 29  0 41  0 41  0 41 15 29  0  0  0  0 15  0  0 41  1 29  0 40  0 40  0  0  0  0  0 41  7 40  0 41  0  0 29  0  0  0 41 40  0 41 29 41 40  0  0 29 41 29  0 41 20  0 41 41  8  0 10 41  0  0  0  0  4  0 41 40  0  0  0  0  0  0  0  0  0 40 40 41 29 41  0 40  0 41  0 41  0  0 41 40  0 20 29  0  0  0 21 41  0  0 29 21 40  0 41  0  0 21  0  0 29 40 29  0 29 41 15
 41  0 27  0  6 36  0 27 41  0  0 12 41 36  0  0  0  0 41  0  0 27  1 36  0 27  0 27  0  0  0  6  0 27  0 27  0 12  0 10 36  0  0  0 27 27  0  8 36 25 27  0  0 36 25 36  0 25 41  0 25 25 41  2 41 27  0  0  0  0  0  0 27 27  0  0  0  0  0  0  1  0  0 27 27 27 36 25  0 27  0 25  0 27  0  0 12 27  0 41 36  0  0  0 41 27  0  0 36 41 27  0 27  0  0 41  1  0 36 27 36  2 36 27 41
  0 27  0 27  0  0 36  0  0  0  0  0  0  0 27 36 27 27  0 27 27  0 27  0 41  0 24  1 41 41 27 25 36  0 41  0 18  0 24 25  0 41 41 27  0  0 36  0  0  0  0 27 36  0  7  0 27  2  0 36  0  0  0 14  0  0 27 41 27 41 41 27  0  1 27  8 36 27 27 36 27 36 41  0  0  0  0  3 27  0 36  5 27  0 41 27  0  0 41  0  0 41 27 36  0  0 36 14  0  0  0 27  0 14 18  0 27 27  0  0  0 24  0  1  0
 41  0 27  0 12 36  0 27 41 12  0  0 41 36  0  0  0  0 41  0  0 27  0 36  0 27  0 27  0  0  0  0  0 27  0 27  4  8  0  0 36  0  0  0 27 27  0 12 36 19 27  0  0 36 18 36  0 19 41  0 19 19 41  1 41 27  0  0  0  0  0  0 27 27  0  0  0  0  0  0  0  0  0 27 27 27 36 18  0 27  0 18  0 27  0  0  6 27  0 41 36  0  0  0 41 27  0  0 36 41 27  0 27  0  4 41  2  0 36 27 36  3 36 27 41
 23  0 41  0 41 29  0 41 15 41  0 41  0 29  0  0  0  0  5  0  0 41  0 29  6 40  0 40  4  0  0  0  0 41  0 40  0 41  0  0 29  0  0  0 41 40  0 41 29 41 40  0  0 29 41 29  0 41 19  0 41 41 15  0 15 41  0  0  0  0  0  0 41 40  0  0  0  0  0  0  0  0  0 40 40 41 29 41  0 40  0 41  0 41  0  0 41 40  1 19 29 10  0  0 16 41  0  0 29 16 40  0 41  0  0 23  0  0 29 40 29  0 29 41  4
 29  0 38  0 36 19  1 38 29 36  0 36 29  0  0  0  0  0 29  0  0 38  0 15  0 26  0 26  0  0  0  0  0 38  0 26  0 36  0  0 18  0  0  0 38 26  0 36  4 36 26  0  0 15 36  3  0 36 29  5 36 36 29  0 29 38  0  0  0  0  0  0 38 26  0  0  0  0  0  9  0  3  0 26 26 38 19 36  0 26  0 36  0 38  0  0 36 26  0 29 18  0  0  0 29 38  0  0 11 29 26  0 38  0  0 29  0  0 11 26 15  0 19 38 29
  0 34  0 34  0  0 26  0  0  0 27  0  0  0  0 26 14 34  0 34 21  0 34  0 40  2 27  0 40 40 34 27 26  0 40  0 27  0 27 27  1 40 40  9  0  8 26  0  0  0  0 23 26  0  0  0 24  0  0 26  0  0  0 27  0  0 21 40 34 40 40 24  0  0 34 27 26 14 23 26 23 26 40  0  5  0  0  0 34  0 26  0 34  0 40 34  0  0 40  0  0 40 14 26  0  0 26 27  0  0  0 21  0 27 27  0 34 34  0  2  0 27  0  0  0
  0 38  0 38  0  1 15  0  0  0 36  0  0  0 26  0 26 38  0 38 26  0 38  0 29  0 36  0 29 29 38 36 15  0 29  0 36  0 36 36  0 29 29 26  1  0 15  0  2  0  0 26  7  0  0  0 26  0  0 11  0  0  0 36  0  0 26 29 38 29 29 26  0  0 38 36 15 26 26 11 26  2 29  0  0  0  0  0 38  1 24  0 38  0 29 38  0  0 29  0  0 29 26 24  0  0 15 36  4  0  0 26  0 36 36  0 38 38  5  0  3 36  0  0  0
  0 34  0 34  0  0 26  0  0  0 27  0  0  0 14 26  0 34  0 34 14  0 34  0 40  4 27  0 40 40 34 27 26  0 40  0 27  0 27 27  0 40 40 14  1  1 26  0  0  0  0 13 26  0  0  0 23  0  0 26  0  0  0 27  0  0 14 40 34 40 40 23  0  0 34 27 26  7 13 26 13 26 40  0  0  0  0  0 34  0 26  0 34  0 40 34  0  5 40  0  0 40  4 26  0  0 26 27  0  0  0 14  0 27 27  0 34 34  0  0  0 27  0  0  0
  0 21  0 16  2  0 38  0  0  0 27  0  0  0 34 38 34  0  0  2 34  0 11  0 41  0 27  0 41 41 21 27 38  3 41  0 27  0 27 27  0 41 41 34  0  0 38  0  0  0  0 34 38  0  0  0 34  0  0 38  0  0  0 27  0  0 34 41 11 41 41 34  0  0 16 27 38 34 34 38 34 38 41  0  0  9  0  0 11  0 38  0 16  0 41 25  0  0 41  0  0 41 34 38  0  0 38 27  0  0  0 34  0 27 27  0  4 25  0  0  0 27  0  0  0
 23  0 41  0 41 29  0 41 15 41  0 41  5 29  0  0  0  0  0  0  0 41  0 29  8 40  0 40  0  0  0  0  0 41  0 40  0 41  0  0 29  0  1  0 41 40  0 41 29 41 40  0  0 29 41 29  0 41 19  0 41 41 15  0 15 41  0  0  0  2  0  0 41 40  0  0  0  0  0  0  0  0  3 40 40 41 29 41  0 40  0 41  0 41  0  0 41 40  0 19 29  1  0  0 16 41  0  0 29 16 40  0 41  0  0 23  0  0 29 40 29  0 29 41  7
  0 21  0 16  0  0 38  0  0  0 27  0  0  0 34 38 34  2  0  0 34  0 11  0 41  0 27  0 41 41 21 27 38  2 41  0 27  0 27 27  0 41 41 34  0  0 38  0  0  0  0 34 38  0  0  0 34  0  0 38  0  0  0 27  0  0 34 41 11 41 41 34  0  0 16 27 38 34 34 38 34 38 41  0  0  3  0  0 11  0 38  0 16  0 41 25  0  0 41  0  0 41 34 38  0  0 38 27  0  0  0 34  1 27 27  0  8 25  0  0  0 27  0  0  0
  0 34  0 34  0  0 26  0  0  0 27  0  0  0 21 26 14 34  0 34  0  0 34  0 40  0 27  0 40 40 34 27 26  0 40  1 27  0 27 27  0 40 40 21  0  0 26  0  0  0  9 19 26  0  0  0 24  0  0 26  0  0  0 27  0  0  8 40 34 40 40 24  0  4 34 27 26 14 19 26 19 26 40  0  0  0  0  0 34  0 26  0 34  0 40 34  0  0 40  0  0 40 14 26  0  0 26 27  0  0  0  6  0 27 27  0 34 34  0  0  0 27  0  0  0
 41  0  7  7 27 38  0 13 41 27  0 27 41 38  0  0  0  0 41  0  0  0  0 38  0 34  0 34  0  0  0  3  0 16  0 34  0 27  0  0 38  0  0  0 13 34  0 27 38 27 34  0  0 38 27 38  1 27 41  0 27 27 41  0 41 18  0  0  0  0  0  0 13 34  8  0  0  0  0  0  0  0  0 34 34 16 38 27  0 34  0 27  1 18  0  1 27 34  0 41 38  0  0  0 41 13  0  0 38 41 34  0 18  0  0 41  0  0 38 34 38  0 38 13 41
  0 13  0 13  0  0 38  0  1  1 27  0  0  0 34 38 34 11  0 11 34  0  0  0 41  0 27  0 41 41 13 27 38  0 41  0 27  0 27 27  0 41 41 34  1  0 38  0  0  0  0 34 38  0  0  0 34  0  0 38  0  0  0 27  0  0 34 41  3 41 41 34  3  0 13 27 38 34 34 38 34 38 41  0  0  0  0  1  1  0 38  0 13  0 41 11  0  0 41  0  0 41 34 38  0  0 38 27  0  0  0 34  0 27 27  0 11 11  0  0  0 27  0  9  0
 29  0 38  0 36 17  1 38 29 36  0 36 29 15  0  0  0  0 29  0  0 38  0  0  0 26  0 26  0  0  0  0  8 38  0 26  0 36  0  0 16  0  0  0 38 26  0 36 15 36 26  0  0  5 36 15  0 36 29  0 36 36 29  0 29 38  0  0  0  0  0  0 38 26  0  0 10  0  0  0  0  1  0 26 26 38 17 36  0 26  0 36  0 38  0  0 36 26  0 29 16  0  0  0 29 38  0  0 15 29 26  0 38  0  0 29  0  0 15 26  2  0 17 38 29
  0 41  0 41  0  0 29  0  0  0 41  0  6  0 40 29 40 41  8 41 40  0 41  0  0  0 41  0 16 23 41 41 29  0 15  0 41  0 41 41  0 16 23 40  0  0 29  0  0  0  0 40 29  0  0  0 40  0  5 29  0  0  0 41  0  0 40 19 41 16 15 40  0  0 41 41 29 40 40 29 40 29 19  0  0  0  0  0 41  0 29  0 41  0 19 41  0  0 23  0  0  4 40 29  0  0 29 41  0  2  0 40  0 41 41  0 41 41  0  0  0 41  0  0  2
 40  0 34  0 27 26  0 34 40 27  0 27 40 26  2  0  4  0 40  0  0 34  0 26  0  0  0 13  0  0  0  0  0 34  0 23  0 27  0  0 26  0  0  0 34 14  0 27 26 27 14  0  0 26 27 26  0 27 40  1 27 27 40  0 40 34  0  0  0  0  1  0 34 14  0  1  0  4  0  0  0  0  0 23 14 34 26 27  0 23  2 27  0 34  0  0 27  7  0 40 26  0  9  0 40 34  0  0 26 40 13  0 34  0  0 40  0  0 26 14 26  0 26 34 40
  0 27  0 27  1  0 36  0  0  0 24  0  0  0 27 36 27 27  0 27 27  0 27  0 41  0  0  0 41 41 27 25 36  0 41  0 19  0  9 25  0 41 41 27  0  0 36  0  0  1  0 27 36  0  0  0 27  7  0 36  0  0  0 11  0  1 27 41 27 41 41 27  0  0 27 24 36 27 27 36 27 36 41  0  1  0  0  0 27  0 36  0 27  0 41 27  0  0 41  0  0 41 27 36  0  0 36 11  0  0  0 27  0 11 19  0 27 27  0  0  0  6  0  0  0
 40  0 34  0 27 26  0 34 40 27  1 27 40 26  0  0  0  0 40  0  0 34  0 26  0 13  0  0  0  0  0  0  0 34  1 22  0 27  0  0 26  0  0  1 34 23  0 27 26 27 19  8  0 26 27 26  0 27 40  0 27 27 40  0 40 34  0  0  0  0  0  0 34 19  0  0  1  0  5  0  7  0  0 22 23 34 26 27  0 22  0 27  0 34  0  0 27 13  0 40 26  0  0  0 40 34  0  0 26 40  2  0 34  0  0 40  0  0 26 23 26  0 26 34 40
  0 41  0 41  0  0 29  0  0  0 41  0  4  0 40 29 40 41  0 41 40  0 41  0 16  0 41  0  0 16 41 41 29  0 21  0 41  0 41 41  0  4 16 40  0  1 29  0  0  0  0 40 29  0  0  0 40  0  0 29  0  0  0 41  0  0 40 21 41  4 21 40  0  0 41 41 29 40 40 29 40 29 21  0  0  0  0  0 41  0 29  0 41  0 21 41  0  0 16  0  0 16 40 29  4  0 29 41  0  7  0 40  0 41 41  0 41 41  0  0  0 41  0  0  0
  7 41  0 41  0  0 29  0  0  0 41  0  0  0 40 29 40 41  0 41 40  0 41  0 23  0 41  0 16  0 41 41 29  0 21  0 41  0 41 41  0 16  2 40  0  0 29  0  0  0  0 40 29  0  0  0 40  0  0 29  0  0  0 41  0  0 40 23 41 16 21 40  0  0 41 41 29 40 40 29 40 29 23  0  0  0  0  0 41  0 29  0 41  0 23 41  0  0  2  0  0 23 40 29  0  0 29 41  0  0  0 40  0 41 41  1 41 41  0  0  0 41  0  0  0
  0  2  0 18  0  0 38  0  0  0 27  0  0  0 34 38 34 21  0 21 34  0 13  0 41  0 27  0 41 41  0 27 38  1 41  0 27  0 27 27  0 41 41 34  0  0 38  0  0  0  0 34 38  0  0  0 34  0  0 38  0  0  0 27  0  3 34 41 13 41 41 34  0  0 18 27 38 34 34 38 34 38 41  0  0  0  0  0 13  0 38  0 18  7 41 22  0  0 41  0  0 41 34 38  0  0 38 27  0  0  0 34  5 27 27  0 21 22  0  0  0 27  0  2  0
  0 27  0 27  5  0 36  0  0  6 25  0  0  0 27 36 27 27  0 27 27  3 27  0 41  0 25  0 41 41 27  0 36  1 41  0 12  0 25  1  0 41 41 27  0  0 36  2  0  0  0 27 36  0  0  0 27  1  0 36  0  1  0 25  0  0 27 41 27 41 41 27  0  1 27 25 36 27 27 36 27 36 41  0  0  0  0  0 27  0 36  0 27  0 41 27  0  0 41  0  0 41 27 36  0  0 36 25  0  0  0 27  0 25 12  0 27 27  0  0  0 25  0  1  0
  0 38  0 38  0  0 16  0  0  0 36  0  0  0 26 15 26 38  0 38 26  0 38  8 29  0 36  0 29 29 38 36  0  0 29  0 36  0 36 36  0 29 29 26  0  0 16  0  0  0  0 26 15  9  0  0 26  0  0 15  0  0  0 36  0  0 26 29 38 29 29 26  0  0 38 36  3 26 26 15 26 15 29  0  0  1  0  0 38  0 17  0 38  0 29 38  0  0 29  0  0 29 26 17  0  0 16 36  0  0  1 26  0 36 36  0 38 38  0  0 10 36  0  0  0
 41  0 16  0 27 38  0 25 41 27  0 27 41 38  0  0  0  3 41  2  0 16  0 38  0 34  0 34  0  0  1  1  0  0  0 34  0 27  0  0 38  0  0  0 25 34  0 27 38 27 34  0  0 38 27 38  0 27 41  0 27 27 41  0 41 21  0  0  0  0  0  0 11 34  0  0  0  0  0  0  0  0  0 34 34 10 38 27  0 34  0 27  0 21  0  1 27 34  0 41 38  0  0  0 41 25  0  0 38 41 34  0 21  0  0 41  5  0 38 34 38  0 38 11 41
  1 41  0 41  0  0 29  0  7  0 41  0  0  0 40 29 40 41  0 41 40  0 41  0 15  0 41  1 21 21 41 41 29  0  0  0 41  0 41 41  0 21 21 40  0  0 29  0  0  0  0 40 29  0  0  0 40  0  1 29  0  0  1 41  5  0 40 20 41 21  2 40  0  0 41 41 29 40 40 29 40 29 20  0  0  0  0  0 41  0 29  0 41  0 20 41  0  0 21  0  0 15 40 29  0  0 29 41  0  1  0 40  0 41 41  0 41 41  0  0  0 41  0  0  0
 40  0 34  0 27 26  0 34 40 27  0 27 40 26  0  0  0  0 40  0  1 34  0 26  0 23  0 22  0  0  0  0  0 34  0  0  0 27  0  0 26  0  0  0 34 24  0 27 26 27 24  0  0 26 27 26 10 27 40  0 27 27 40  0 40 34  0  0  0  0  0 10 34 24  0  0  0  1  0  0  0  1  0  3 24 34 26 27  0  9  0 27  0 34  0  0 27 23  0 40 26  0  0  0 40 34  0  0 26 40 22  0 34  0  0 40  0  0 26 24 26  0 26 34 40
  0 27  1 27  0  0 36  0  0  0 18  4  0  0 27 36 27 27  0 27 27  0 27  0 41  0 19  0 41 41 27 12 36  0 41  0  0  9 19 12  0 41 41 27  0  0 36  0  0  2  0 27 36  0  0  0 27  0  0 36  3  0  0 19  0  0 27 41 27 41 41 27  0  0 27 18 36 27 27 36 27 36 41  0  0  0  0  0 27  0 36  0 27  0 41 27  8  0 41  0  0 41 27 36  0  0 36 19  0  0  0 27  0 19  7  0 27 27  0  0  0 19  0  0  0
 41  0 27  0 12 36  0 27 41 12  0  8 41 36  0  0  0  0 41  0  0 27  0 36  0 27  0 27  0  0  0  0  0 27  0 27  9  0  0  0 36  0  0  0 27 27  0 12 36 19 27  0  0 36 18 36  0 19 41  0 19 19 41  0 41 27  0  0  0  0  0  0 27 27  0  0  0  0  0  0  0  0  0 27 27 27 36 18  0 27  0 18  0 27  0  0  2 27  0 41 36  0  0  0 41 27  0  0 36 41 27  0 27  1  1 41  0  0 36 27 36  0 36 27 41
  0 27  0 27  0  0 36  0  0  0 24  0  0  0 27 36 27 27  0 27 27  0 27  0 41  0  9  0 41 41 27 25 36  0 41  0 19  0  0 25  0 41 41 27  0  0 36  1  0  4  0 27 36  0  0  0 27  8  0 36  0  0  0 11  0  0 27 41 27 41 41 27  0  0 27 24 36 27 27 36 27 36 41  0  0  0  0  0 27  0 36  0 27  0 41 27  2  0 41  0  0 41 27 36  0  0 36 11  0  0  0 27  0 11 19  0 27 27  0  0  0  2  0  0  0
  0 27  0 27  5  0 36  0  0 10 25  0  0  0 27 36 27 27  0 27 27  0 27  0 41  0 25  0 41 41 27  1 36  0 41  0 12  0 25  0  0 41 41 27  0  0 36  1  0  3  0 27 36  0  0  0 27  0  0 36  0  0  0 25  0  0 27 41 27 41 41 27  1  0 27 25 36 27 27 36 27 36 41  0  0  1  0  0 27  0 36  0 27  0 41 27  0  0 41  0  0 41 27 36  0  0 36 25  0  0  0 27  0 25 12  0 27 27  0  0  0 25  0  0  0
 29  0 38  0 36 23  2 38 29 36  0 36 29 18  1  0  0  0 29  0  0 38  0 16  0 26  0 26  0  0  0  0  0 38  0 26  0 36  0  0  0  0  0  0 38 26  3 36 18 36 26  0  0 16 36 18  0 36 29  0 36 36 29  0 29 38  0  0  0  0  0  0 38 26  0  0  0  0  0  0  0  0  0 26 26 38 23 36  0 26  0 36  0 38  0  0 36 26  0 29  1  0  0  0 29 38  9  0 15 29 26  0 38  0  0 29  0  0 15 26 16  0 23 38 29
  0 41  0 41  0  0 29  0  0  0 41  0  0  0 40 29 40 41  0 41 40  0 41  0 16  0 41  0  4 16 41 41 29  0 21  0 41  0 41 41  0  0 16 40  0  0 29  0  0  0  0 40 29  1  0  0 40  0  0 29  0  0  1 41  0  0 40 21 41  6 21 40  0  0 41 41 29 40 40 29 40 29 21  0  0  0  0  0 41  0 29  0 41  0 21 41  0  0 16  0  0 16 40 29  5  0 29 41  0  5  0 40  0 41 41  0 41 41  0  0  0 41  0  0  0
  3 41  0 41  0  0 29  0  0  0 41  0  0  0 40 29 40 41  1 41 40  0 41  0 23  0 41  0 16  2 41 41 29  0 21  0 41  0 41 41  0 16  0 40  0  0 29  0  0  0  0 40 29  0  0  0 40  0  0 29  0  0  0 41  0  0 40 23 41 16 21 40  0  0 41 41 29 40 40 29 40 29 23  0  0  0  0  0 41  0 29  0 41  0 23 41  0  0  5  0  0 23 40 29  0  0 29 41  0  0  0 40  0 41 41  5 41 41  0  0  0 41  0  0  0
  0 34  0 34  0  0 26  0  0  0 27  0  0  0  9 26 14 34  0 34 21  0 34  0 40  0 27  1 40 40 34 27 26  0 40  0 27  0 27 27  0 40 40  0  0  2 26  0  0  0  0 23 26  0  0  0 24  0  0 26  0  0  0 27  0  0 21 40 34 40 40 24  0  0 34 27 26 14 23 26 23 26 40  0  9  0  0  0 34  0 26  0 34  0 40 34  0  1 40  0  2 40 14 26  0  0 26 27  0  0  0 21  0 27 27  0 34 34  0  8  0 27  0  0  0
 41  0 13  0 27 38  0  1 41 27  0 27 41 38  0  1  1  0 41  0  0 13  1 38  0 34  0 34  0  0  0  0  0 25  0 34  0 27  0  0 38  0  0  0  0 34  0 27 38 27 34  0  0 38 27 38  0 27 41  0 27 27 41  0 41 22  0  0  0  0  0  0 11 34  0  0  0  0  0  0  0  0  0 34 34 25 38 27  0 34  0 27  0 22  0  6 27 34  0 41 38  0  0  0 41  9  0  0 38 41 34  0 22  0  0 41  0  4 38 34 38  0 38 11 41
 40  0 34  0 27 26  0 34 40 27  0 27 40 26  8  0  1  0 40  0  0 34  0 26  0 14  0 23  1  0  0  0  0 34  0 24  0 27  0  0 26  0  0  2 34  0  0 27 26 27 21  0  0 26 27 26  0 27 40  0 27 27 40  0 40 34  0  0  0  0  0  0 34 21  0  0  0  0  0  0  0  0  0 24  4 34 26 27  0 24  0 27  0 34  0  0 27 14  0 40 26  0  0  0 40 34  0  0 26 40 23  2 34  0  0 40  0  0 26  5 26  0 26 34 40
  0 38  0 38  0  1  7  0  0  0 36  0  0  0 26 15 26 38  0 38 26  0 38  0 29  0 36  0 29 29 38 36 16  0 29  0 36  0 36 36  3 29 29 26  0  0  0  0  1  0  0 26 15  0  0  0 26  0  0 18  0  0  0 36  0  0 26 29 38 29 29 26  0  0 38 36 16 26 26 18 26 15 29  0  0  0  0  0 38  0 23  0 38  0 29 38  0  0 29  0  4 29 26 23  0  0  4 36  0  0  0 26  0 36 36  0 38 38  0  0  2 36  0  0  0
 41  0 27  1  6 36  0 27 41  8  0 12 41 36  0  0  0  0 41  0  0 27  0 36  0 27  0 27  0  0  0  2  0 27  0 27  0 12  1  1 36  0  0  0 27 27  0  0 36 25 27  0  0 36 25 36  0 25 41  0 25 25 41  0 41 27  0  0  0  0  0  0 27 27  0  0  0  0  0  0  0  0  0 27 27 27 36 25  0 27  0 25  0 27  0  0 12 27  0 41 36  0  0  0 41 27  0  0 36 41 27  0 27  0  0 41  0  0 36 27 36  0 36 27 41
 29  0 38  0 36 19  0 38 29 36  0 36 29  4  0  2  0  0 29  0  0 38  0 15  0 26  0 26  0  0  0  0  0 38  0 26  0 36  0  0 18  0  0  0 38 26  1 36  0 36 26  0  0 15 36  6  0 36 29  1 36 36 29  0 29 38  0  0  0  0  0  0 38 26  0  0  0  0  0  8  0  0  0 26 26 38 19 36  0 26  0 36  0 38  0  0 36 26  0 29 18  0  0  0 29 38  0  0 11 29 26  0 38  0  0 29  0  0 11 26 15  0 19 38 29
 41  0 27  0 25 36  0 27 41 25  0 19 41 36  0  0  0  0 41  0  0 27  0 36  0 27  1 27  0  0  0  0  0 27  0 27  2 19  4  3 36  0  0  0 27 27  0 25 36  0 27  0  0 36 24 36  0  6 41  1 11 11 41  0 41 27  0  0  0  0  0  1 27 27  0  0  0  0  0  0  0  0  0 27 27 27 36 24  0 27  0 24  0 27  0  0 19 27  0 41 36  0  0  0 41 27  0  0 36 41 27  0 27  0  0 41  0  0 36 27 36  8 36 27 41
 40  0 34  0 27 26  0 34 40 27  0 27 40 26  0  0  0  0 40  0  9 34  0 26  0 14  0 19  0  0  0  0  0 34  0 24  0 27  0  0 26  0  0  0 34 21  0 27 26 27  0  0  0 26 27 26  0 27 40  0 27 27 40  0 40 34  9  0  0  0  0  0 34  5  0  0  0  0  0  0  0  0  0 24 21 34 26 27  0 24  0 27  0 34  0  0 27 14  0 40 26  0  0  0 40 34  0  0 26 40 19  8 34  0  0 40  0  0 26 21 26  0 26 34 40
  0 34  0 34  0  0 26  0  0  0 27  0  0  0 23 26 13 34  0 34 19  0 34  0 40  0 27  8 40 40 34 27 26  0 40  0 27  0 27 27  0 40 40 23  0  0 26  0  0  0  0  0 26  0  0  0 22  0  0 26  0  0  0 27  0  0 19 40 34 40 40 22  0  0 34 27 26 13  2 26  1 26 40  0  0  0  0  0 34  0 26  0 34  0 40 34  0  0 40  0  0 40 13 26  0  0 26 27  0  0  4 19  0 27 27  0 34 34  0  0  0 27  1  0  0
  0 38  0 38  0  0 15  0  0  0 36  0  0  0 26  7 26 38  0 38 26  0 38  0 29  0 36  0 29 29 38 36 15  0 29  0 36  0 36 36  0 29 29 26  0  0 15  0  0  0  0 26  0  0  0  3 26  0  0 11  0  0  0 36  0  0 26 29 38 29 29 26  0  0 38 36 15 26 26 11 26  5 29  0  0  0  0  0 38  0 24  0 38  0 29 38  0  0 29  0  0 29 26 24  0  0 15 36  3  0  0 26  0 36 36  0 38 38 10  2  0 36  0  0  1
 29  0 38  0 36 17  0 38 29 36  0 36 29 15  0  0  0  0 29  0  0 38  0  5  0 26  0 26  0  0  0  0  9 38  0 26  0 36  0  0 16  1  0  0 38 26  0 36 15 36 26  0  0  0 36 15  0 36 29  0 36 36 29  0 29 38  0  0  0  0  0  0 38 26  0  0  5  0  0  0  0  0  0 26 26 38 17 36  0 26  0 36  0 38  0  0 36 26  0 29 16  0  0  0 29 38  1  0 15 29 26  0 38  0  0 29  0  0 15 26  6  0 17 38 29
 41  0 27  0 25 36  0 27 41 25  7 18 41 36  0  0  0  0 41  0  0 27  0 36  0 27  0 27  0  0  0  0  0 27  0 27  0 18  0  0 36  0  0  0 27 27  0 25 36 24 27  0  0 36  0 36  0 24 41  0 14 14 41  0 41 27  0  0  0  0  0  0 27 27  0  9  0  0  0  0  0  0  0 27 27 27 36  8  0 27  0 10  0 27  0  0 18 27  0 41 36  0  0  0 41 27  0  0 36 41 27  0 27  1  0 41  0  0 36 27 36  0 36 27 41
 29  0 38  0 36 19  0 38 29 36  0 36 29  3  0  0  0  0 29  0  0 38  0 15  0 26  0 26  0  0  0  0  0 38  0 26  0 36  0  0 18  0  0  0 38 26  0 36  6 36 26  0  3 15 36  0  0 36 29  2 36 36 29  0 29 38  0  0  0  0  0  0 38 26  0  0  0  0  0  2  0  0  0 26 26 38 19 36  0 26  0 36  0 38  0  0 36 26  0 29 18  0  1  0 29 38  0  0 11 29 26  0 38  0  0 29  0  0 11 26 15  0 19 38 29
  0 34  0 34  0  0 26  0  0  0 27  0  0  0 24 26 23 34  0 34 24  1 34  0 40  0 27  0 40 40 34 27 26  0 40 10 27  0 27 27  0 40 40 24  0  0 26  0  0  0  0 22 26  0  0  0  0  0  0 26  0  0  0 27  0  0 24 40 34 40 40  2  0  0 34 27 26 23 22 26 22 26 40  3  0  0  0  0 34  3 26  0 34  0 40 34  0  1 40  0  0 40 23 26  0  0 26 27  0  0  0 24  0 27 27  0 34 34  0  0  0 27  0  0  0
 41  0 27  0 25 36  0 27 41 25  2 19 41 36  0  0  0  0 41  0  0 27  0 36  0 27  7 27  0  0  0  1  0 27  0 27  0 19  8  0 36  0  0  0 27 27  0 25 36  6 27  0  0 36 24 36  0  0 41  0 11 11 41  0 41 27  0  0  0  0  0  0 27 27  0  0  0  0  0  0  0  0  0 27 27 27 36 24  0 27  0 24  0 27  0  0 19 27  0 41 36  0  0  0 41 27  0  0 36 41 27  0 27  0  0 41  0  0 36 27 36  9 36 27 41
 23  0 41  0 41 29  0 41 20 41  0 41 19 29  0  0  0  0 19  0  0 41  0 29  5 40  0 40  0  0  0  0  0 41  1 40  0 41  0  0 29  0  0  0 41 40  0 41 29 41 40  0  0 29 41 29  0 41  0  0 41 41 20  0 20 41  0  4  0  0  0  0 41 40  0  0  0  0  0  1  0  0  4 40 40 41 29 41  0 40  0 41  0 41  9  0 41 40  0  2 29  0  0  0 21 41  0  0 29 21 40  0 41  0  0 23  0  0 29 40 29  0 29 41 19
  0 38  0 38  0  0 18  0  0  0 36  0  0  5 26 11 26 38  0 38 26  0 38  0 29  1 36  0 29 29 38 36 15  0 29  0 36  0 36 36  0 29 29 26  0  0 18  0  1  1  0 26 11  0  0  2 26  0  0  0  0  0  0 36  0  0 26 29 38 29 29 26  0  0 38 36 15 26 26  2 26 11 29  0  0  0  0  0 38  0 19  0 38  0 29 38  0  0 29  0  0 29 26 19  0  0 18 36  0  0  0 26  0 36 36  0 38 38  1  0  0 36  0  0  0
 41  0 27  0 25 36  0 27 41 25  0 19 41 36  0  0  0  0 41  0  0 27  0 36  0 27  0 27  0  0  0  0  0 27  0 27  3 19  0  0 36  0  0  0 27 27  0 25 36 11 27  0  0 36 14 36  0 11 41  0  0  8 41  1 41 27  0  0  0  0  2  4 27 27  0  1  0  0  0  0  0  0  0 27 27 27 36 14  0 27  0 14  0 27  0  0 19 27  0 41 36  1  0  0 41 27  0  1 36 41 27  0 27  9  0 41  0  0 36 27 36  0 36 27 41
 41  0 27  0 25 36  0 27 41 25  0 19 41 36  0  0  0  0 41  0  0 27  0 36  0 27  0 27  0  0  0  1  0 27  0 27  0 19  0  0 36  0  0  0 27 27  0 25 36 11 27  0  0 36 14 36  0 11 41  0  8  0 41  1 41 27  0  0  0  0  0  0 27 27  0  0  0  0  0  0  0  0  0 27 27 27 36 14  0 27  0 14  0 27  0  0 19 27  0 41 36  0  0  0 41 27  0  8 36 41 27  0 27 10  1 41  0  0 36 27 36  0 36 27 41
 21  0 41  0 41 29  0 41  8 41  0 41 15 29  0  0  0  0 15  0  0 41  0 29  0 40  0 40  0  0  0  0  0 41  1 40  0 41  0  0 29  1  0  0 41 40  0 41 29 41 40  0  0 29 41 29  0 41 20  0 41 41  0  0  4 41  0  0  0  0  3  0 41 40  0  0  0  0  0  0  0  0  0 40 40 41 29 41  1 40  0 41  0 41  2  0 41 40  0 20 29  0  0  0 21 41  1  0 29 21 40  0 41  0  0 21  0  0 29 40 29  0 29 41 15
  0 27  0 27  0  0 36  0  0  2 14  1  0  0 27 36 27 27  0 27 27  0 27  0 41  0 11  0 41 41 27 25 36  0 41  0 19  0 11 25  0 41 41 27  0  0 36  0  0  0  0 27 36  0  0  0 27  0  0 36  1  1  0  0  0  0 27 41 27 41 41 27  0  0 27 14 36 27 27 36 27 36 41  0  0  0  0  2 27  0 36  0 27  1 41 27  0  0 41  0  0 41 27 36  0  0 36  7  0  0  0 27  0  9 19  0 27 27  0  0  0 11  0  0  0
 21  0 41  0 41 29  0 41 10 41  0 41 15 29  0  0  0  0 15  0  0 41  0 29  0 40  0 40  0  0  0  0  0 41  5 40  0 41  0  0 29  0  0  0 41 40  0 41 29 41 40  0  0 29 41 29  0 41 20  0 41 41  4  0  0 41  0  0  1  0  3  0 41 40  0  0  0  0  0  0  0  0  0 40 40 41 29 41  0 40  0 41  0 41  0  0 41 40  0 20 29  0  0  0 21 41  0  0 29 21 40  0 41  0  0 21  0  0 29 40 29  0 29 41 15
 41  5 18  0 27 38  0 22 41 27  0 27 41 38  0  0  0  0 41  0  0 18  0 38  0 34  1 34  0  0  3  0  0 21  0 34  0 27  0  0 38  0  0  0 22 34  0 27 38 27 34  0  0 38 27 38  0 27 41  0 27 27 41  0 41  0  0  0  1  0  0  0 13 34  1  0  0  0  0  0  0  0  0 34 34 21 38 27  0 34  0 27  0  6  0  0 27 34  0 41 38  0  0  0 41 22  0  0 38 41 34  0  6  2  0 41  0  0 38 34 38  0 38 13 41
  0 34  0 34  0  0 26  0  0  0 27  0  0  0 21 26 14 34  0 34  8  0 34  0 40  0 27  0 40 40 34 27 26  0 40  0 27  0 27 27  0 40 40 21  0  0 26  0  0  0  9 19 26  0  0  0 24  0  0 26  0  0  0 27  0  0  0 40 34 40 40 24  0  6 34 27 26 14 19 26 19 26 40  0  0  0  0  0 34  0 26  0 34  0 40 34  0  0 40  0  0 40 14 26  0  0 26 27  0  0  0  6  0 27 27  0 34 34  0  0  0 27  0  0  1
  0 41  0 41  0  0 29  0  0  0 41  0  0  0 40 29 40 41  0 41 40  0 41  0 19  0 41  0 21 23 41 41 29  0 20  0 41  0 41 41  0 21 23 40  0  0 29  0  0  0  0 40 29  0  0  0 40  0  4 29  0  0  0 41  0  0 40  0 41 21 20 40  0  0 41 41 29 40 40 29 40 29  5  0  0  0  0  0 41  0 29  0 41  0  9 41  0  0 23  7  0 19 40 29  0  0 29 41  0  0  0 40  0 41 41  0 41 41  0  0  0 41  0  0  0
  0 13  0 13  0  0 38  3  0  0 27  0  0  0 34 38 34 11  0 11 34  0  3  0 41  0 27  0 41 41 13 27 38  0 41  0 27  0 27 27  0 41 41 34  0  0 38  0  0  0  0 34 38  0  0  0 34  0  0 38  0  0  0 27  1  1 34 41  0 41 41 34  2  0 13 27 38 34 34 38 34 38 41  0  0  0  0  0  4  0 38  0 13  0 41 11  0  0 41  0  0 41 34 38  0  0 38 27  0  0  0 34  0 27 27  0 11 11  0  0  0 27  0  3  0
  0 41  0 41  0  0 29  0  0  0 41  0  0  0 40 29 40 41  2 41 40  0 41  0 16  0 41  0  4 16 41 41 29  0 21  0 41  0 41 41  0  6 16 40  0  0 29  0  0  0  0 40 29  0  0  0 40  0  0 29  0  0  0 41  0  0 40 21 41  0 21 40  0  0 41 41 29 40 40 29 40 29 21  0  0  0  0  0 41  0 29  0 41  0 21 41  0  0 16  0  0 16 40 29  6  0 29 41  0  6  0 40  0 41 41  0 41 41  0  0  0 41  0  0  0
  0 41  0 41  0  0 29  0  4  0 41  0  0  0 40 29 40 41  0 41 40  0 41  0 15  1 41  0 21 21 41 41 29  0  2  0 41  0 41 41  0 21 21 40  0  0 29  0  0  0  0 40 29  0  0  0 40  0  0 29  2  0  3 41  3  0 40 20 41 21  0 40  0  0 41 41 29 40 40 29 40 29 20  0  0  0  0  0 41  0 29  0 41  0 20 41  0  0 21  2  0 15 40 29  2  0 29 41  0  0  0 40  0 41 41  1 41 41  0  0  0 41  0  0  0
  0 34  0 34  0  0 26  0  0  0 27  0  0  0 24 26 23 34  0 34 24  0 34  0 40  0 27  0 40 40 34 27 26  0 40 10 27  0 27 27  0 40 40 24  0  0 26  0  0  1  0 22 26  0  0  0  2  0  0 26  4  0  0 27  0  0 24 40 34 40 40  0  0  0 34 27 26 23 22 26 22 26 40 10  0  0  0  0 34  5 26  0 34  0 40 34  0  0 40  0  0 40 23 26  0  0 26 27  0  0  2 24  0 27 27  0 34 34  1  0  0 27  0  0  0
 41  0 13  0 27 38  0 11 41 27  0 27 41 38  0  0  0  0 41  0  0 13  3 38  0 34  0 34  0  0  0  0  0 11  0 34  0 27  0  1 38  0  0  0 11 34  0 27 38 27 34  0  0 38 27 38  0 27 41  0 27 27 41  0 41 13  0  0  2  0  0  0  0 34  0  0  0  0  0  0  0  0  0 34 34 11 38 27  7 34  0 27  0 13  0  0 27 34  0 41 38  0  0  0 41 11  0  0 38 41 34  0 13  0  0 41  0  2 38 34 38  0 38  3 41
 40  0 34  0 27 26  0 34 40 27  1 27 40 26  0  0  0  0 40  0  4 34  0 26  0 14  0 19  0  0  0  1  0 34  0 24  0 27  0  0 26  0  0  0 34 21  0 27 26 27  5  0  0 26 27 26  0 27 40  0 27 27 40  0 40 34  6  0  0  0  0  0 34  0  0  0  0  0  0  0  0  0  0 24 21 34 26 27  0 24  0 27  0 34  0  2 27 14  0 40 26  0  0  0 40 34  0  0 26 40 19  8 34  0  0 40  0  0 26 21 26  0 26 34 40
  0 18  6  6  0  0 38  0  0  0 27  0  0  0 34 38 34 16  0 16 34  8 13  0 41  0 27  0 41 41 18 27 38  0 41  0 27  0 27 27  0 41 41 34  0  0 38  0  0  0  0 34 38  0  0  0 34  0  0 38  0  0  0 27  0  1 34 41 13 41 41 34  0  0  0 27 38 34 34 38 34 38 41  0  0  0  0  0 13  0 38  0  7  0 41 13  0  0 41  0  0 41 34 38  0  0 38 27  0  0  0 34  0 27 27  0 16 13  0  0  0 27  0  0  0
  0 27  1 27  0  0 36  0  0  0  8  0  0  0 27 36 27 27  0 27 27  0 27  0 41  1 24  0 41 41 27 25 36  0 41  0 18  0 24 25  0 41 41 27  0  0 36  0  0  0  0 27 36  0  9  0 27  0  0 36  1  0  0 14  0  0 27 41 27 41 41 27  0  0 27  0 36 27 27 36 27 36 41  0  0  1  0  8 27  0 36  3 27  0 41 27  0  0 41  0  0 41 27 36  0  0 36 14  0  0  0 27  0 14 18  0 27 27  0  0  0 24  0  0  0
  0 38  0 38  0  0 16  0  0  0 36  0  0  0 26 15 26 38  0 38 26  0 38 10 29  0 36  1 29 29 38 36  3  0 29  0 36  0 36 36  0 29 29 26  0  0 16  0  0  0  0 26 15  5  0  0 26  0  0 15  0  0  0 36  0  0 26 29 38 29 29 26  0  0 38 36  0 26 26 15 26 15 29  0  0  0  0  0 38  0 17  0 38  0 29 38  0  1 29  0  1 29 26 17  0  0 16 36  0  0  0 26  0 36 36  0 38 38  0  0  7 36  0  1  0
  0 34  0 34  0  0 26  0  0  0 27  0  0  0 14 26  7 34  0 34 14  0 34  0 40  4 27  0 40 40 34 27 26  0 40  1 27  0 27 27  0 40 40 14  0  0 26  0  0  0  0 13 26  0  0  0 23  0  0 26  0  0  0 27  0  0 14 40 34 40 40 23  0  0 34 27 26  0 13 26 13 26 40  0  0  0  0  0 34  0 26  0 34  0 40 34  0  9 40  0  0 40  6 26  0  0 26 27  0  0  0 14  0 27 27  0 34 34  0  0  0 27  0  0  0
  0 34  0 34  0  0 26  0  0  0 27  0  0  0 23 26 13 34  0 34 19  0 34  0 40  0 27  5 40 40 34 27 26  0 40  0 27  0 27 27  0 40 40 23  0  0 26  0  0  0  0  2 26  0  0  0 22  0  0 26  0  0  0 27  0  0 19 40 34 40 40 22  0  0 34 27 26 13  0 26  1 26 40  0  0  0  0  0 34  0 26  0 34  0 40 34  0  0 40  0  0 40 13 26  0  0 26 27  0  0  8 19  0 27 27  0 34 34  0  0  0 27  0  0  0
  0 38  0 38  0  0 18  0  0  0 36  0  0  9 26 11 26 38  0 38 26  0 38  0 29  0 36  0 29 29 38 36 15  0 29  0 36  0 36 36  0 29 29 26  0  0 18  0  8  0  0 26 11  0  0  2 26  0  1  2  0  0  0 36  0  0 26 29 38 29 29 26  0  0 38 36 15 26 26  0 26 11 29  0  0  0  0  0 38  0 19  0 38  0 29 38  0  0 29  0  0 29 26 19  0  0 18 36  1  0  0 26  0 36 36  0 38 38  0  0  0 36  0  0  0
  0 34  0 34  0  2 26  0  0  1 27  0  0  0 23 26 13 34  0 34 19  0 34  0 40  0 27  7 40 40 34 27 26  0 40  0 27  0 27 27  0 40 40 23  0  0 26  0  0  0  0  1 26  0  0  0 22  0  0 26  0  0  0 27  0  0 19 40 34 40 40 22  0  0 34 27 26 13  1 26  0 26 40  0  0  0  0  0 34  0 26  0 34  0 40 34  0  0 40  0  0 40 13 26  0  0 26 27  0  0  3 19  0 27 27  0 34 34  0  0  0 27  0  0  0
  0 38  0 38  0  0 15  0  0  0 36  0  0  3 26  2 26 38  0 38 26  0 38  1 29  0 36  0 29 29 38 36 15  0 29  1 36  0 36 36  0 29 29 26  0  0 15  0  0  0  0 26  5  0  0  0 26  0  0 11  0  0  0 36  0  0 26 29 38 29 29 26  0  0 38 36 15 26 26 11 26  0 29  0  0  0  0  0 38  0 24  0 38  0 29 38  0  0 29  0  0 29 26 24  0  0 15 36  3  0  0 26  0 36 36  0 38 38  1  0  0 36  0  0  0
  0 41  0 41  0  0 29  1  0  0 41  0  0  0 40 29 40 41  3 41 40  0 41  0 19  0 41  0 21 23 41 41 29  0 20  0 41  0 41 41  0 21 23 40  0  0 29  0  0  0  0 40 29  0  0  0 40  0  4 29  0  0  0 41  0  0 40  5 41 21 20 40  0  0 41 41 29 40 40 29 40 29  0  0  0  0  0  0 41  0 29  0 41  0  2 41  0  0 23  9  0 19 40 29  0  0 29 41  0  0  0 40  0 41 41  0 41 41  0  0  0 41  0  0  0
 40  0 34  0 27 26  0 34 40 27  0 27 40 26  0  0  0  0 40  0  0 34  0 26  0 23  0 22  0  0  0  0  0 34  0  3  0 27  0  0 26  0  0  0 34 24  0 27 26 27 24  0  0 26 27 26  3 27 40  0 27 27 40  0 40 34  0  0  0  0  0 10 34 24  0  0  0  0  0  0  0  0  0  0 24 34 26 27  0  5  0 27  0 34  0  0 27 23  0 40 26  0  0  0 40 34  0  1 26 40 22  0 34  0  0 40  0  0 26 24 26  0 26 34 40
 40  0 34  0 27 26  0 34 40 27  0 27 40 26  5  0  0  0 40  0  0 34  0 26  0 14  1 23  0  0  0  0  0 34  0 24  0 27  0  0 26  0  0  9 34  4  0 27 26 27 21  0  0 26 27 26  0 27 40  0 27 27 40  0 40 34  0  0  0  0  0  0 34 21  0  0  0  0  0  0  0  0  0 24  0 34 26 27  0 24  0 27  0 34  0  0 27 14  0 40 26  0  0  0 40 34  0  0 26 40 23  0 34  1  0 40  0  0 26  7 26  0 26 34 40
 41  0 16  0 27 38  0 25 41 27  0 27 41 38  0  0  0  9 41  3  0 16  0 38  0 34  0 34  0  0  0  0  1 10  0 34  0 27  0  1 38  0  0  0 25 34  0 27 38 27 34  0  0 38 27 38  0 27 41  0 27 27 41  0 41 21  0  0  0  0  0  0 11 34  0  1  0  0  0  0  0  0  0 34 34  0 38 27  0 34  0 27  0 21  0  0 27 34  0 41 38  0  0  0 41 25  0  0 38 41 34  0 21  0  0 41  6  1 38 34 38  0 38 11 41
 29  0 38  0 36  8  1 38 29 36  0 36 29 19  0  0  0  0 29  0  0 38  0 17  0 26  0 26  0  0  0  0  0 38  0 26  0 36  0  0 23  0  0  0 38 26  0 36 19 36 26  0  0 17 36 19  0 36 29  0 36 36 29  0 29 38  0  0  0  0  0  0 38 26  0  0  0  0  0  0  0  0  0 26 26 38  0 36  0 26  6 36  0 38  0  0 36 26  0 29 23  0  0  8 29 38  0  0 24 29 26  0 38  0  0 29  0  0 24 26 17  0  8 38 29
 41  0 27  0 25 36  0 27 41 25  3 18 41 36  0  0  0  0 41  0  0 27  1 36  0 27  0 27  0  0  0  0  0 27  0 27  0 18  0  0 36  0  0  0 27 27  0 25 36 24 27  0  0 36  8 36  0 24 41  0 14 14 41  2 41 27  0  0  0  0  0  0 27 27  0  8  0  0  0  0  0  0  0 27 27 27 36  0  0 27  0  9  0 27  0  0 18 27  0 41 36  0  0  0 41 27  0  0 36 41 27  0 27  0  0 41  0  0 36 27 36  3 36 27 41
  0 13  0 13  0  0 38  0  0  0 27  0  0  0 34 38 34 11  0 11 34  0  1  0 41  0 27  0 41 41 13 27 38  0 41  0 27  0 27 27  0 41 41 34  0  0 38  0  0  0  0 34 38  0  0  0 34  0  0 38  0  0  1 27  0  0 34 41  4 41 41 34  7  0 13 27 38 34 34 38 34 38 41  0  0  0  0  0  0  0 38  0 13  0 41 11  0  0 41  0  0 41 34 38  0  2 38 27  0  0  0 34  2 27 27  0 11 11  0  0  0 27  0  1  0
 40  0 34  0 27 26  0 34 40 27  0 27 40 26  0  1  0  0 40  0  0 34  0 26  0 23  0 22  0  0  0  0  0 34  0  9  0 27  0  0 26  0  0  0 34 24  0 27 26 27 24  0  0 26 27 26  3 27 40  0 27 27 40  0 40 34  0  0  0  0  0  5 34 24  0  0  0  0  0  0  0  0  0  5 24 34 26 27  0  0  0 27  0 34  0  0 27 23  0 40 26  0  0  0 40 34  0  0 26 40 22  0 34  0  0 40  0  0 26 24 26  0 26 34 40
  0 38  0 38  0  5 23  0  0  0 36  0  0  0 26 24 26 38  0 38 26  0 38  0 29  2 36  0 29 29 38 36 17  0 29  0 36  0 36 36  0 29 29 26  0  0 23  0  0  0  0 26 24  0  0  0 26  0  0 19  0  0  0 36  0  0 26 29 38 29 29 26  0  0 38 36 17 26 26 19 26 24 29  0  0  0  6  0 38  0  0  0 38  0 29 38  0  0 29  0  0 29 26  7  0  0 23 36  0  0  0 26  0 36 36  0 38 38  0  0  0 36  1  0  0
 41  0 27  1 25 36  0 27 41 25  5 18 41 36  0  0  0  0 41  0  0 27  0 36  0 27  0 27  0  0  0  0  0 27  0 27  0 18  0  0 36  0  0  0 27 27  0 25 36 24 27  0  0 36 10 36  0 24 41  0 14 14 41  0 41 27  0  0  0  0  0  0 27 27  0  3  0  0  0  0  0  0  0 27 27 27 36  9  0 27  0  0  0 27  0  0 18 27  0 41 36  0  0  0 41 27  0  2 36 41 27  0 27  0  0 41  0  0 36 27 36  0 36 27 41
  0 18  6  1  0  0 38  0  0  0 27  0  0  0 34 38 34 16  0 16 34  1 13  0 41  0 27  0 41 41 18 27 38  0 41  0 27  0 27 27  0 41 41 34  0  0 38  0  0  0  0 34 38  0  0  0 34  0  0 38  0  0  0 27  0  0 34 41 13 41 41 34  0  0  7 27 38 34 34 38 34 38 41  0  0  0  0  0 13  0 38  0  0  1 41 13  0  0 41  0  0 41 34 38  0  0 38 27  0  0  0 34  0 27 27  0 16 13  0  0  0 27  0  0  0
 41  3 18  0 27 38  0 22 41 27  0 27 41 38  0  0  0  0 41  0  0 18  0 38  0 34  0 34  0  0  7  0  0 21  0 34  0 27  0  0 38  0  0  0 22 34  0 27 38 27 34  0  0 38 27 38  0 27 41  0 27 27 41  1 41  6  0  0  0  0  0  0 13 34  0  0  0  0  0  0  0  0  0 34 34 21 38 27  0 34  0 27  1  0  0  0 27 34  0 41 38  0  0  0 41 22  0  0 38 41 34  0  9  0  0 41  0  0 38 34 38  0 38 13 41
  0 41  0 41  0  0 29  0  0  0 41  0  0  0 40 29 40 41  0 41 40  0 41  0 19  0 41  0 21 23 41 41 29  0 20  0 41  0 41 41  0 21 23 40  0  0 29  0  0  0  0 40 29  0  0  0 40  0  9 29  0  0  2 41  0  0 40  9 41 21 20 40  0  0 41 41 29 40 40 29 40 29  2  0  0  0  0  0 41  0 29  0 41  0  0 41  0  0 23  5  0 19 40 29  0  0 29 41  0  0  0 40  0 41 41  0 41 41  0  0  0 41  0  0  0
  0 22  0 13  0  0 38  2  0  0 27  0  0  0 34 38 34 25  0 25 34  1 11  0 41  0 27  0 41 41 22 27 38  1 41  0 27  0 27 27  0 41 41 34  6  0 38  0  0  0  0 34 38  0  0  0 34  0  0 38  0  0  0 27  0  0 34 41 11 41 41 34  0  2 13 27 38 34 34 38 34 38 41  0  0  0  0  0 11  0 38  0 13  0 41  0  0  1 41  0  0 41 34 38  0 10 38 27  0  0  0 34  0 27 27  0 25  9  0  0  0 27  0  0  0
 41  0 27  0 12 36  0 27 41 12  0  6 41 36  0  0  0  0 41  0  0 27  0 36  0 27  0 27  0  0  0  0  0 27  0 27  8  2  2  0 36  0  0  0 27 27  0 12 36 19 27  0  0 36 18 36  0 19 41  0 19 19 41  0 41 27  0  0  0  0  0  0 27 27  0  0  0  0  0  0  0  0  0 27 27 27 36 18  0 27  0 18  0 27  0  0  0 27  0 41 36  0  1  0 41 27  0  0 36 41 27  0 27  0  9 41  0  0 36 27 36  0 36 27 41
 40  0 34  0 27 26  0 34 40 27  0 27 40 26  0  0  5  0 40  0  0 34  0 26  0  7  0 13  0  0  0  0  0 34  0 23  0 27  0  0 26  0  0  1 34 14  0 27 26 27 14  0  0 26 27 26  1 27 40  0 27 27 40  0 40 34  0  0  0  0  0  0 34 14  0  0  1  9  0  0  0  0  0 23 14 34 26 27  0 23  0 27  0 34  0  1 27  0  0 40 26  0  5  0 40 34  0  0 26 40 13  0 34  0  0 40  0  0 26 14 26  0 26 34 40
  5 41  0 41  0  0 29  0  0  0 41  0  1  0 40 29 40 41  0 41 40  0 41  0 23  0 41  0 16  2 41 41 29  0 21  0 41  0 41 41  0 16  5 40  0  0 29  0  0  0  0 40 29  0  0  0 40  0  0 29  0  0  0 41  0  0 40 23 41 16 21 40  0  0 41 41 29 40 40 29 40 29 23  0  0  0  0  0 41  0 29  0 41  0 23 41  0  0  0  0  0 23 40 29  0  0 29 41  0  0  0 40  0 41 41  2 41 41  0  0  0 41  0  0  0
 23  0 41  0 41 29  0 41 20 41  0 41 19 29  0  0  0  0 19  0  0 41  0 29  0 40  0 40  0  0  0  0  0 41  0 40  0 41  0  0 29  0  0  0 41 40  0 41 29 41 40  0  0 29 41 29  0 41  2  0 41 41 20  0 20 41  0  7  0  0  2  0 41 40  0  0  0  0  0  0  0  0  9 40 40 41 29 41  0 40  0 41  0 41  5  0 41 40  0  0 29  1  0  0 21 41  0  0 29 21 40  0 41  0  0 23  0  0 29 40 29  0 29 41 19
 29  0 38  0 36 23  5 38 29 36  0 36 29 18  0  0  0  0 29  0  0 38  0 16  0 26  0 26  0  0  0  0  0 38  0 26  0 36  0  0  1  0  0  2 38 26  4 36 18 36 26  0  0 16 36 18  0 36 29  0 36 36 29  0 29 38  0  0  0  0  0  0 38 26  0  0  1  0  0  0  0  0  0 26 26 38 23 36  0 26  0 36  0 38  0  0 36 26  0 29  0  0  0  3 29 38  3  0 15 29 26  0 38  0  0 29  0  0 15 26 16  0 23 38 29
  0 41  0 41  0  0 29  0  0  0 41  0 10  0 40 29 40 41  1 41 40  0 41  0  4  0 41  0 16 23 41 41 29  0 15  0 41  0 41 41  0 16 23 40  0  0 29  0  0  0  0 40 29  0  0  0 40  0  0 29  1  0  0 41  0  0 40 19 41 16 15 40  0  0 41 41 29 40 40 29 40 29 19  0  0  0  0  0 41  0 29  0 41  0 19 41  0  0 23  1  0  0 40 29  1  0 29 41  0  0  0 40  0 41 41  0 41 41  0  0  0 41  0  0 10
  0 34  0 34  0  0 26  0  0  0 27  0  0  0 14 26  4 34  0 34 14  0 34  0 40  9 27  0 40 40 34 27 26  0 40  0 27  0 27 27  0 40 40 14  0  0 26  0  0  0  0 13 26  0  0  1 23  0  0 26  0  0  0 27  0  0 14 40 34 40 40 23  0  0 34 27 26  6 13 26 13 26 40  0  0  0  0  0 34  0 26  0 34  0 40 34  1  5 40  0  0 40  0 26  0  0 26 27  0  0  0 14  0 27 27  0 34 34  0  0  0 27  0  0  0
  0 38  0 38  0 10 23  0  0  0 36  0  0  0 26 24 26 38  0 38 26  0 38  0 29  0 36  0 29 29 38 36 17  0 29  0 36  0 36 36  0 29 29 26  0  0 23  0  0  0  0 26 24  0  0  0 26  0  0 19  0  0  0 36  0  0 26 29 38 29 29 26  0  0 38 36 17 26 26 19 26 24 29  0  0  0  8  0 38  0  7  0 38  0 29 38  0  0 29  0  3 29 26  0  0  0 23 36  0  0  0 26  0 36 36  0 38 38  0  0  0 36  4  1  0
 16  0 41  0 41 29  0 41 21 41  0 41 16 29  0  0  0  0 16  0  0 41  0 29  0 40  0 40  4  0  0  0  0 41  0 40  0 41  0  0 29  5  0  0 41 40  0 41 29 41 40  0  0 29 41 29  0 41 21  0 41 41 21  0 21 41  0  0  0  6  2  0 41 40  0  0  0  0  0  0  0  0  0 40 40 41 29 41  0 40  0 41  0 41  0  0 41 40  0 21 29  1  0  0  0 41  0  0 29  8 40  0 41  0  0 16  0  0 29 40 29  0 29 41 16
 41  0 13  2 27 38  0  1 41 27  0 27 41 38  0  0  0  0 41  0  0 13  0 38  0 34  0 34  0  0  0  0  0 25  0 34  0 27  0  0 38  0  0  0  9 34  0 27 38 27 34  0  0 38 27 38  0 27 41  0 27 27 41  0 41 22  0  0  0  0  0  0 11 34  0  0  0  0  0  0  0  0  0 34 34 25 38 27  2 34  0 27  0 22  0 10 27 34  0 41 38  0  0  0 41  0  0  1 38 41 34  0 22  0  0 41  0  4 38 34 38  0 38 11 41
  0 38  0 38  0  0  3  0  0  0 36  0  0  0 26 15 26 38  0 38 26  0 38  0 29  0 36  0 29 29 38 36 16  0 29  0 36  0 36 36  9 29 29 26  0  0  4  0  0  0  0 26 15  1  0  0 26  0  0 18  0  0  1 36  0  0 26 29 38 29 29 26  0  0 38 36 16 26 26 18 26 15 29  0  0  0  0  0 38  0 23  0 38  0 29 38  0  0 29  0  3 29 26 23  0  0  0 36  0  0  0 26  0 36 36  0 38 38  0  0  0 36  2  0  0
  0 27  0 27  0  0 36  0  0  0 14  0  0  0 27 36 27 27  0 27 27  0 27  0 41  0 11  0 41 41 27 25 36  0 41  0 19  0 11 25  0 41 41 27  0  0 36  0  0  0  0 27 36  0  0  0 27  0  0 36  1  8  0  7  0  0 27 41 27 41 41 27  0  0 27 14 36 27 27 36 27 36 41  1  0  0  0  0 27  0 36  2 27  0 41 27  0  0 41  0  0 41 27 36  0  1 36  0  0  0  0 27  1  8 19  0 27 27  0  1  0 11  0  0  0
 29  0 38  0 36 24  0 38 29 36  0 36 29 11  0  4  0  0 29  0  0 38  0 15  0 26  0 26  0  0  0  0  0 38  0 26  0 36  0  0 15  0  0  0 38 26  0 36 11 36 26  0  3 15 36 11  0 36 29  0 36 36 29  0 29 38  0  0  0  0  0  0 38 26  0  0  0  0  0  1  0  3  0 26 26 38 24 36  0 26  0 36  0 38  0  0 36 26  0 29 15  0  0  0 29 38  0  0  0 29 26  0 38  0  0 29  0  0  5 26 15  0 24 38 29
 16  0 41  0 41 29  0 41 21 41  0 41 16 29  0  0  0  0 16  0  0 41  0 29  2 40  0 40  7  0  0  0  0 41  1 40  0 41  0  0 29  5  0  0 41 40  0 41 29 41 40  0  0 29 41 29  0 41 21  0 41 41 21  0 21 41  0  0  0  6  0  0 41 40  0  0  0  0  0  0  0  0  0 40 40 41 29 41  0 40  0 41  0 41  0  0 41 40  0 21 29  0  0  0  8 41  0  0 29  0 40  0 41  0  0 16  0  0 29 40 29  0 29 41 16
 40  0 34  0 27 26  0 34 40 27  0 27 40 26  0  0  0  0 40  0  0 34  0 26  0 13  0  2  0  0  0  0  1 34  0 22  0 27  0  0 26  0  0  0 34 23  0 27 26 27 19  4  0 26 27 26  0 27 40  0 27 27 40  0 40 34  0  0  0  0  0  2 34 19  0  0  0  0  8  0  3  0  0 22 23 34 26 27  0 22  0 27  0 34  0  0 27 13  0 40 26  0  0  0 40 34  0  0 26 40  0  0 34  0  0 40  0  0 26 23 26  0 26 34 40
  0 34  0 34  0  0 26  0  0  0 27  0  0  0 21 26 14 34  0 34  6  0 34  0 40  0 27  0 40 40 34 27 26  0 40  0 27  0 27 27  0 40 40 21  0  2 26  0  0  0  8 19 26  0  0  0 24  0  0 26  0  0  0 27  0  0  6 40 34 40 40 24  0  8 34 27 26 14 19 26 19 26 40  0  0  0  0  0 34  0 26  0 34  0 40 34  0  0 40  0  0 40 14 26  0  0 26 27  0  0  0  0  0 27 27  0 34 34  0  0  0 27  0  0  0
 41  5 18  1 27 38  0 22 41 27  0 27 41 38  0  0  0  0 41  1  0 18  0 38  0 34  0 34  0  0  5  0  0 21  0 34  0 27  0  0 38  0  0  0 22 34  0 27 38 27 34  0  0 38 27 38  0 27 41  0 27 27 41  0 41  6  0  0  0  0  0  0 13 34  0  0  0  0  0  0  0  0  0 34 34 21 38 27  2 34  0 27  0  9  0  0 27 34  0 41 38  0  0  0 41 22  0  1 38 41 34  0  0  0  0 41  0  0 38 34 38  0 38 13 41
  0 27  0 27  1  0 36  0  0  0 14  0  0  0 27 36 27 27  0 27 27  0 27  0 41  0 11  0 41 41 27 25 36  0 41  0 19  1 11 25  0 41 41 27  0  0 36  0  0  0  0 27 36  0  1  0 27  0  0 36  9 10  0  9  0  2 27 41 27 41 41 27  0  0 27 14 36 27 27 36 27 36 41  0  1  0  0  0 27  0 36  0 27  0 41 27  0  0 41  0  0 41 27 36  0  0 36  8  0  0  0 27  0  0 19  0 27 27  0  0  0 11  0  0  0
  0 27  0 27  0  0 36  0  0  0 18  4  0  0 27 36 27 27  0 27 27  0 27  0 41  0 19  0 41 41 27 12 36  0 41  0  7  1 19 12  0 41 41 27  0  0 36  0  0  0  0 27 36  0  0  0 27  0  0 36  0  1  0 19  0  0 27 41 27 41 41 27  0  0 27 18 36 27 27 36 27 36 41  0  0  0  0  0 27  0 36  0 27  0 41 27  9  0 41  0  0 41 27 36  0  0 36 19  0  0  0 27  0 19  0  0 27 27  0  0  0 19  0  1  0
  9  0 41  0 41 29  0 41 21 41  0 41 23 29  0  0  0  0 23  0  0 41  0 29  0 40  0 40  0  1  0  0  0 41  0 40  0 41  0  0 29  0  5  0 41 40  0 41 29 41 40  0  0 29 41 29  0 41 23  0 41 41 21  0 21 41  0  0  0  0  1  0 41 40  0  0  0  0  0  0  0  0  0 40 40 41 29 41  0 40  0 41  0 41  0  0 41 40  2 23 29  0  0  0 16 41  0  0 29 16 40  0 41  0  0  0  0  0 29 40 29  0 29 41 23
  0 21  0 16  0  0 38  0  0  1 27  2  0  0 34 38 34  4  0  8 34  0 11  0 41  0 27  0 41 41 21 27 38  5 41  0 27  0 27 27  0 41 41 34  0  0 38  0  0  0  0 34 38  0  0  0 34  0  0 38  0  0  0 27  0  0 34 41 11 41 41 34  0  0 16 27 38 34 34 38 34 38 41  0  0  6  0  0 11  0 38  0 16  0 41 25  0  0 41  0  0 41 34 38  0  0 38 27  0  0  0 34  0 27 27  0  0 25  0  0  0 27  0  0  0
  0 22  1 13  0  0 38  3  0  0 27  0  0  0 34 38 34 25  0 25 34  0 11  0 41  0 27  0 41 41 22 27 38  0 41  0 27  0 27 27  0 41 41 34  4  0 38  0  0  0  0 34 38  0  0  0 34  0  0 38  0  0  0 27  0  0 34 41 11 41 41 34  2  0 13 27 38 34 34 38 34 38 41  0  0  1  0  0 11  0 38  0 13  0 41  9  0  0 41  0  0 41 34 38  0  4 38 27  0  0  0 34  0 27 27  0 25  0  0  0  0 27  0  0  0
 29  0 38  0 36 24  0 38 29 36  0 36 29 11  0  5  0  0 29  0  0 38  0 15  0 26  0 26  0  0  0  0  0 38  0 26  0 36  0  0 15  0  0  0 38 26  0 36 11 36 26  0 10 15 36 11  0 36 29  1 36 36 29  0 29 38  0  0  0  0  0  1 38 26  0  0  0  0  0  0  0  1  0 26 26 38 24 36  0 26  0 36  0 38  0  0 36 26  0 29 15  0  0  0 29 38  0  0  5 29 26  0 38  0  0 29  0  0  0 26 15  0 24 38 29
 40  0 34  0 27 26  0 34 40 27  0 27 40 26  2  0  0  0 40  0  0 34  0 26  0 14  0 23  0  0  0  0  0 34  0 24  0 27  0  0 26  0  0  8 34  5  0 27 26 27 21  0  2 26 27 26  0 27 40  0 27 27 40  0 40 34  0  0  0  0  0  0 34 21  0  0  0  0  0  0  0  0  0 24  7 34 26 27  0 24  0 27  0 34  0  0 27 14  0 40 26  0  0  0 40 34  0  1 26 40 23  0 34  0  0 40  0  0 26  0 26  0 26 34 40
 29  0 38  0 36 17  0 38 29 36  0 36 29 15  0  3  0  0 29  0  0 38  0  2  0 26  0 26  0  0  0  0 10 38  0 26  0 36  0  0 16  0  0  0 38 26  2 36 15 36 26  0  0  6 36 15  0 36 29  0 36 36 29  0 29 38  0  0  0  0  0  0 38 26  0  0  7  0  0  0  0  0  0 26 26 38 17 36  0 26  0 36  0 38  0  0 36 26  0 29 16  0  0  0 29 38  0  0 15 29 26  0 38  0  0 29  0  0 15 26  0  0 17 38 29
  0 27  0 27  0  0 36  0  0  2 24  3  0  0 27 36 27 27  0 27 27  0 27  0 41  0  6  0 41 41 27 25 36  0 41  0 19  0  2 25  0 41 41 27  0  0 36  0  0  8  0 27 36  0  0  0 27  9  0 36  0  0  0 11  0  0 27 41 27 41 41 27  0  0 27 24 36 27 27 36 27 36 41  0  0  0  0  3 27  0 36  0 27  0 41 27  0  0 41  0  0 41 27 36  0  0 36 11  0  0  0 27  0 11 19  0 27 27  0  0  0  0  0  0  0
 29  0 38  0 36  3  0 38 29 36  0 36 29 19  0  0  0  0 29  0  0 38  0 17  0 26  0 26  0  0  0  0  0 38  0 26  0 36  0  0 23  0  0  0 38 26  0 36 19 36 26  1  0 17 36 19  0 36 29  0 36 36 29  0 29 38  0  0  0  0  0  0 38 26  0  0  0  0  0  0  0  0  0 26 26 38  8 36  0 26  1 36  0 38  0  0 36 26  0 29 23  0  0  4 29 38  2  0 24 29 26  0 38  0  0 29  0  0 24 26 17  0  0 38 29
 41  0 13  0 27 38  0 11 41 27  1 27 41 38  0  0  0  0 41  0  0 13  9 38  0 34  0 34  0  0  2  1  0 11  0 34  0 27  0  0 38  0  0  0 11 34  0 27 38 27 34  0  0 38 27 38  0 27 41  0 27 27 41  0 41 13  0  0  3  0  0  0  3 34  0  0  1  0  0  0  0  0  0 34 34 11 38 27  1 34  0 27  0 13  0  0 27 34  0 41 38  0  0  1 41 11  0  0 38 41 34  0 13  0  1 41  0  0 38 34 38  0 38  0 41
 23  0 41  0 41 29  0 41 15 41  0 41  4 29  0  0  0  0  7  0  0 41  0 29  2 40  0 40  0  0  0  0  0 41  0 40  0 41  0  0 29  0  0  0 41 40  0 41 29 41 40  0  1 29 41 29  0 41 19  0 41 41 15  0 15 41  1  0  0  0  0  0 41 40  0  0  0  0  0  0  0  0  0 40 40 41 29 41  0 40  0 41  0 41  0  0 41 40  0 19 29 10  0  0 16 41  0  0 29 16 40  0 41  0  0 23  0  0 29 40 29  0 29 41  0
