         33 2117042

  0 49 68 65 66 28 81 17 58 99 90 70 17 57 37  2 37  3 43 20 68 35 60 23 48 40 10 42 83 82 27 49 15
 49  0 34 50 42 26 33 23 16 69 97 13 35 80 40 55 30 22 76 55 56 91 74 82 96  2 13  4  4 35 48 29 42
 68 34  0 56  3 30 60 81 37 42  3 17 25 37 26 88 95 55 53 62 22 44 86 43 43 40 36 53 34 59 43 50 58
 65 50 56  0 62 43  9 22 64 46 68 53  8 30 30 92  6 13 95 76 81 91 37 78 90 64 49 46 19 60 93 35 47
 66 42  3 62  0 69 54 87 12 39 33 54 12 10  4 88 54 46 82 84  8 29 10 92 62 62 74 48 22 85 23  3 30
 28 26 30 43 69  0 12 98 69 29 61 34 53 98 94 33 77 31 54 71 78  8 78 50 76 56 80 72 26 20 57 39 68
 81 33 60  9 54 12  0 55 71 19 32 87 41 94 21 21 20 61 13  5 46 97 61  8 92 33 73  0 16 73 74 44 55
 17 23 81 22 87 98 55  0 96 67 94 83 28 22 78 55 89 11 99 84 56 30 90 87 80 20 66 59 93 79 80 28 68
 58 16 37 64 12 69 71 96  0 99 54 69 99  1 49 63 23 33 99 40 29 60 95 28 44 30 88 66  9 41  3  4 63
 99 69 42 46 39 29 19 67 99  0 61 87 34 28 55 63 10 78 17 90  0 66 62 30 76  0 91 62 73 38 49 85 86
 90 97  3 68 33 61 32 94 54 61  0 88 13 71 46 75 98 53 52 10 84 70 44  8 52 59 48 85 29 94 79  4 85
 70 13 17 53 54 34 87 83 69 87 88  0 31 54 95 75 81 11 56 38 95 37 67 54 88 93 53 44 68 58 98 55 84
 17 35 25  8 12 53 41 28 99 34 13 31  0 76 19 46 89 89  5 23 63 19 53 20 47 17 66 60 86 14 52 27 77
 57 80 37 30 10 98 94 22  1 28 71 54 76  0  5 37 27 53 88 84 63  1 26 18 85 59 24 64 81 12 72 32 64
 37 40 26 30  4 94 21 78 49 55 46 95 19  5  0 18 79 23 56 63  2 78  3 32  3  2 18 89 50 69 66 20 97
  2 55 88 92 88 33 21 55 63 63 75 75 46 37 18  0 52 81 42 28 71 71 53 87 31 36 99 98 38 97 26 31 60
 37 30 95  6 54 77 20 89 23 10 98 81 89 27 79 52  0 83 43 16 91 96 52 48 12 17 13 35  7 96 17 59 26
  3 22 55 13 46 31 61 11 33 78 53 11 89 53 23 81 83  0 30 43 53 26 37 93 35 49 33 87 55 48 63 81 55
 43 76 53 95 82 54 13 99 99 17 52 56  5 88 56 42 43 30  0 12 28 79 62 63 11 56  0 10 34  1 75 62 33
 20 55 62 76 84 71  5 84 40 90 10 38 23 84 63 28 16 43 12  0 68 51 53 80 84 40  3 32 27 32 61 27 92
 68 56 22 81  8 78 46 56 29  0 84 95 63 63  2 71 91 53 28 68  0 25  2 15  9 30  0 97 24 14 10 84 56
 35 91 44 91 29  8 97 30 60 66 70 37 19  1 78 71 96 26 79 51 25  0 83  0 16 67  2  5 98 73 47 81 88
 60 74 86 37 10 78 61 90 95 62 44 67 53 26  3 53 52 37 62 53  2 83  0 39 46 13  9 89 96 30 66 37  2
 23 82 43 78 92 50  8 87 28 30  8 54 20 18 32 87 48 93 63 80 15  0 39  0  0  1  8 84 99  7 62 58 49
 48 96 43 90 62 76 92 80 44 76 52 88 47 85  3 31 12 35 11 84  9 16 46  0  0 93 47 53 34 39  8 86 18
 40  2 40 64 62 56 33 20 30  0 59 93 17 59  2 36 17 49 56 40 30 67 13  1 93  0 52  4 95  3 80  9  3
 10 13 36 49 74 80 73 66 88 91 48 53 66 24 18 99 13 33  0  3  0  2  9  8 47 52  0  5 26 36 92  8 94
 42  4 53 46 48 72  0 59 66 62 85 44 60 64 89 98 35 87 10 32 97  5 89 84 53  4  5  0 75  8 64 73 47
 83  4 34 19 22 26 16 93  9 73 29 68 86 81 50 38  7 55 34 27 24 98 96 99 34 95 26 75  0 68 78  8 40
 82 35 59 60 85 20 73 79 41 38 94 58 14 12 69 97 96 48  1 32 14 73 30  7 39  3 36  8 68  0  6 31 85
 27 48 43 93 23 57 74 80  3 49 79 98 52 72 66 26 17 63 75 61 10 47 66 62  8 80 92 64 78  6  0 47 96
 49 29 50 35  3 39 44 28  4 85  4 55 27 32 20 31 59 81 62 27 84 81 37 58 86  9  8 73  8 31 47  0  5
 15 42 58 47 30 68 55 68 63 86 85 84 77 64 97 60 26 55 33 92 56 88  2 49 18  3 94 47 40 85 96  5  0

  0 21 95 82 56 41  6 25 10  4 63  6 44 40 75 79  0 89 35  9  1 85 84 12  0 26 91 11 35 82 26 69 56
 21  0 86 45 91 59 18 76 39 18 57 36 61 36 21 71 11 29 82 82  6 71  8 77 74 30 89 76 76 40 93 56  1
 95 86  0 50  4 36 27 85  2  1 15 11 35 11 20 21 61 80 58 21 76 72 44 85 94 90 51  3 48 29 90 66 41
 82 45 50  0 15 83 96 74 45 65 40 54 83 14 71 77 36 53 37 26 87 76 91 13 29 11 77 32 87 67 94 79  2
 56 91  4 15  0 10 99 56 70 99 60  4 56  2 60 72 74 46 13 20 86  4 77 15 89 48 14 89 44 59 22 57 63
 41 59 36 83 10  0  6  0 62 41 62 46 25 75 76 40 66 58 30 68 78 91 13 59 49 85 84  8 38 41 56 39 53
  6 18 27 96 99  6  0 77 50 30 58 55 19 85 52 34 53 40 69 12 85 72  7 49 46 87 58 17 68 27 21  6 67
 25 76 85 74 56  0 77  0 26 82 44 35  3 62  8 51  1 91 39 87 72 45 96  7 87 68 33  3 21 90 45 47 25
 10 39  2 45 70 62 50 26  0 30 43 97 33 35 61 42 36 43  7 84  6  0  0 48 62 59 29 94 82 29  3  3 51
  4 18  1 65 99 41 30 82 30  0 67 39 15 66 42 23 62 62 28 76 66 82 98 35 15 17 77 44 26 76 86 60 62
 63 57 15 40 60 62 58 44 43 67  0 62 83 91 57 62 36  2  2 43 65 37 49 61  5 34 53 96 82 48 28 31 75
  6 36 11 54  4 46 55 35 97 39 62  0  1 95  7 92 69 62 32 97  5 39 50 82 93 71 35 14 20 74 49 50 37
 44 61 35 83 56 25 19  3 33 15 83  1  0 79 19 51 70 42 26 79 98 60 35  9 96 70 21 37 37 67 93 93 39
 40 36 11 14  2 75 85 62 35 66 91 95 79  0  2 52 26 90 26  1 68 93  7 94 19 54 37  0 20 12 11 66 84
 75 21 20 71 60 76 52  8 61 42 57  7 19  2  0 80  1 55  9 21 12 65  7 17 51 84 87  2 27 82 71 71 40
 79 71 21 77 72 40 34 51 42 23 62 92 51 52 80  0 93 27 93 92 34 39 31 26  1 87 72 59 97 46 62 12 91
  0 11 61 36 74 66 53  1 36 62 36 69 70 26  1 93  0 63 70  1 22 49 24 58 62 49 94 92 63 13 45 22 69
 89 29 80 53 46 58 40 91 43 62  2 62 42 90 55 27 63  0 70 18  1 44 32  3 72 99 34 45 18 96 82 79 75
 35 82 58 37 13 30 69 39  7 28  2 32 26 26  9 93 70 70  0 83 43 26 81 39 66 22 71 58 42 91 56 27 56
  9 82 21 26 20 68 12 87 84 76 43 97 79  1 21 92  1 18 83  0 28 64 98 69 69 93 35 41 67 12 33  1 71
  1  6 76 87 86 78 85 72  6 66 65  5 98 68 12 34 22  1 43 28  0 72 26 86 67 67 24 10 46 56 56 69 53
 85 71 72 76  4 91 72 45  0 82 37 39 60 93 65 39 49 44 26 64 72  0 48 74 43 94 29 64 97 38 12 99 51
 84  8 44 91 77 13  7 96  0 98 49 50 35  7  7 31 24 32 81 98 26 48  0 87 76 71 47 47  9 71 20 81 99
 12 77 85 13 15 59 49  7 48 35 61 82  9 94 17 26 58  3 39 69 86 74 87  0 45 56 15 99 64 57 84 83 61
  0 74 94 29 89 49 46 87 62 15  5 93 96 19 51  1 62 72 66 69 67 43 76 45  0 25 41  8 46 52 22 33 68
 26 30 90 11 48 85 87 68 59 17 34 71 70 54 84 87 49 99 22 93 67 94 71 56 25  0 52 28 75 99  6 85 65
 91 89 51 77 14 84 58 33 29 77 53 35 21 37 87 72 94 34 71 35 24 29 47 15 41 52  0 47 90 24 79 70 28
 11 76  3 32 89  8 17  3 94 44 96 14 37  0  2 59 92 45 58 41 10 64 47 99  8 28 47  0 19 87 80  4 21
 35 76 48 87 44 38 68 21 82 26 82 20 37 20 27 97 63 18 42 67 46 97  9 64 46 75 90 19  0 34 12 20 67
 82 40 29 67 59 41 27 90 29 76 48 74 67 12 82 46 13 96 91 12 56 38 71 57 52 99 24 87 34  0 24 94 10
 26 93 90 94 22 56 21 45  3 86 28 49 93 11 71 62 45 82 56 33 56 12 20 84 22  6 79 80 12 24  0 64 52
 69 56 66 79 57 39  6 47  3 60 31 50 93 66 71 12 22 79 27  1 69 99 81 83 33 85 70  4 20 94 64  0 92
 56  1 41  2 63 53 67 25 51 62 75 37 39 84 40 91 69 75 56 71 53 51 99 61 68 65 28 21 67 10 52 92  0
