         34 2254262

  0 50 42 26 33 23 16 69 97 13 35 80 40 55 30 22 76 55 56 91 74 82 96  2 13  4  4 35 48 29 42 56  3 30
 50  0 60 81 37 42  3 17 25 37 26 88 95 55 53 62 22 44 86 43 43 40 36 53 34 59 43 50 58 62 43  9 22 64
 42 60  0 46 68 53  8 30 30 92  6 13 95 76 81 91 37 78 90 64 49 46 19 60 93 35 47 69 54 87 12 39 33 54
 26 81 46  0 12 10  4 88 54 46 82 84  8 29 10 92 62 62 74 48 22 85 23  3 30 12 98 69 29 61 34 53 98 94
 33 37 68 12  0 33 77 31 54 71 78  8 78 50 76 56 80 72 26 20 57 39 68 55 71 19 32 87 41 94 21 21 20 61
 23 42 53 10 33  0 13  5 46 97 61  8 92 33 73  0 16 73 74 44 55 96 67 94 83 28 22 78 55 89 11 99 84 56
 16  3  8  4 77 13  0 30 90 87 80 20 66 59 93 79 80 28 68 99 54 69 99  1 49 63 23 33 99 40 29 60 95 28
 69 17 30 88 31  5 30  0 44 30 88 66  9 41  3  4 63 61 87 34 28 55 63 10 78 17 90  0 66 62 30 76  0 91
 97 25 30 54 54 46 90 44  0 62 73 38 49 85 86 88 13 71 46 75 98 53 52 10 84 70 44  8 52 59 48 85 29 94
 13 37 92 46 71 97 87 30 62  0 79  4 85 31 54 95 75 81 11 56 38 95 37 67 54 88 93 53 44 68 58 98 55 84
 35 26  6 82 78 61 80 88 73 79  0 76 19 46 89 89  5 23 63 19 53 20 47 17 66 60 86 14 52 27 77  5 37 27
 80 88 13 84  8  8 20 66 38  4 76  0 53 88 84 63  1 26 18 85 59 24 64 81 12 72 32 64 18 79 23 56 63  2
 40 95 95  8 78 92 66  9 49 85 19 53  0 78  3 32  3  2 18 89 50 69 66 20 97 52 81 42 28 71 71 53 87 31
 55 55 76 29 50 33 59 41 85 31 46 88 78  0 36 99 98 38 97 26 31 60 83 43 16 91 96 52 48 12 17 13 35  7
 30 53 81 10 76 73 93  3 86 54 89 84  3 36  0 96 17 59 26 30 43 53 26 37 93 35 49 33 87 55 48 63 81 55
 22 62 91 92 56  0 79  4 88 95 89 63 32 99 96  0 12 28 79 62 63 11 56  0 10 34  1 75 62 33 68 51 53 80
 76 22 37 62 80 16 80 63 13 75  5  1  3 98 17 12  0 84 40  3 32 27 32 61 27 92 25  2 15  9 30  0 97 24
 55 44 78 62 72 73 28 61 71 81 23 26  2 38 59 28 84  0 14 10 84 56 83  0 16 67  2  5 98 73 47 81 88 39
 56 86 90 74 26 74 68 87 46 11 63 18 18 97 26 79 40 14  0 46 13  9 89 96 30 66 37  2  0  1  8 84 99  7
 91 43 64 48 20 44 99 34 75 56 19 85 89 26 30 62  3 10 46  0 62 58 49 93 47 53 34 39  8 86 18 52  4 95
 74 43 49 22 57 55 54 28 98 38 53 59 50 31 43 63 32 84 13 62  0  3 80  9  3  5 26 36 92  8 94 75  8 64
 82 40 46 85 39 96 69 55 53 95 20 24 69 60 53 11 27 56  9 58  3  0 73 47 68 78  8 40  6 31 85 47 96  5
 96 36 19 23 68 67 99 63 52 37 47 64 66 83 26 56 32 83 89 49 80 73  0 98 44 86  0 93 53 16 87 94 23 61
  2 53 60  3 55 94  1 10 10 67 17 81 20 43 37  0 61  0 96 93  9 47 98  0 80 35 17 45 51 26 54 59 57 25
 13 34 93 30 71 83 49 78 84 54 66 12 97 16 93 10 27 16 30 47  3 68 44 80  0 99 87 34 79 24 41 29  7 26
  4 59 35 12 19 28 63 17 70 88 60 72 52 91 35 34 92 67 66 53  5 78 86 35 99  0 71 36 18 57 16 28  1 24
  4 43 47 98 32 22 23 90 44 93 86 32 81 96 49  1 25  2 37 34 26  8  0 17 87 71  0 68 56 81  1 54 22 67
 35 50 69 69 87 78 33  0  8 53 14 64 42 52 33 75  2  5  2 39 36 40 93 45 34 36 68  0 44  6 46 30  0 86
 48 58 54 29 41 55 99 66 52 44 52 18 28 48 87 62 15 98  0  8 92  6 53 51 79 18 56 44  0 73 15 81 68 36
 29 62 87 61 94 89 40 62 59 68 27 79 71 12 55 33  9 73  1 86  8 31 16 26 24 57 81  6 73  0 12 65 18 59
 42 43 12 34 21 11 29 30 48 58 77 23 71 17 48 68 30 47  8 18 94 85 87 54 41 16  1 46 15 12  0 93 34 92
 56  9 39 53 21 99 60 76 85 98  5 56 53 13 63 51  0 81 84 52 75 47 94 59 29 28 54 30 81 65 93  0 82 69
  3 22 33 98 20 84 95  0 29 55 37 63 87 35 81 53 97 88 99  4  8 96 23 57  7  1 22  0 68 18 34 82  0  3
 30 64 54 94 61 56 28 91 94 84 27  2 31  7 55 80 24 39  7 95 64  5 61 25 26 24 67 86 36 59 92 69  3  0

  0 21 95 82 56 41  6 25 10  4 63  6 44 40 75 79  0 89 35  9  1 85 84 12  0 26 91 11 35 82 26 69 56 86
 21  0 45 91 59 18 76 39 18 57 36 61 36 21 71 11 29 82 82  6 71  8 77 74 30 89 76 76 40 93 56  1 50  4
 95 45  0 36 27 85  2  1 15 11 35 11 20 21 61 80 58 21 76 72 44 85 94 90 51  3 48 29 90 66 41 15 83 96
 82 91 36  0 74 45 65 40 54 83 14 71 77 36 53 37 26 87 76 91 13 29 11 77 32 87 67 94 79  2 10 99 56 70
 56 59 27 74  0 99 60  4 56  2 60 72 74 46 13 20 86  4 77 15 89 48 14 89 44 59 22 57 63  6  0 62 41 62
 41 18 85 45 99  0 46 25 75 76 40 66 58 30 68 78 91 13 59 49 85 84  8 38 41 56 39 53 77 50 30 58 55 19
  6 76  2 65 60 46  0 85 52 34 53 40 69 12 85 72  7 49 46 87 58 17 68 27 21  6 67 26 82 44 35  3 62  8
 25 39  1 40  4 25 85  0 51  1 91 39 87 72 45 96  7 87 68 33  3 21 90 45 47 25 30 43 97 33 35 61 42 36
 10 18 15 54 56 75 52 51  0 43  7 84  6  0  0 48 62 59 29 94 82 29  3  3 51 67 39 15 66 42 23 62 62 28
  4 57 11 83  2 76 34  1 43  0 76 66 82 98 35 15 17 77 44 26 76 86 60 62 62 83 91 57 62 36  2  2 43 65
 63 36 35 14 60 40 53 91  7 76  0 37 49 61  5 34 53 96 82 48 28 31 75  1 95  7 92 69 62 32 97  5 39 50
  6 61 11 71 72 66 40 39 84 66 37  0 82 93 71 35 14 20 74 49 50 37 79 19 51 70 42 26 79 98 60 35  9 96
 44 36 20 77 74 58 69 87  6 82 49 82  0 70 21 37 37 67 93 93 39  2 52 26 90 26  1 68 93  7 94 19 54 37
 40 21 21 36 46 30 12 72  0 98 61 93 70  0  0 20 12 11 66 84 80  1 55  9 21 12 65  7 17 51 84 87  2 27
 75 71 61 53 13 68 85 45  0 35  5 71 21  0  0 82 71 71 40 93 27 93 92 34 39 31 26  1 87 72 59 97 46 62
 79 11 80 37 20 78 72 96 48 15 34 35 37 20 82  0 12 91 63 70  1 22 49 24 58 62 49 94 92 63 13 45 22 69
  0 29 58 26 86 91  7  7 62 17 53 14 37 12 71 12  0 70 18  1 44 32  3 72 99 34 45 18 96 82 79 75 83 43
 89 82 21 87  4 13 49 87 59 77 96 20 67 11 71 91 70  0 26 81 39 66 22 71 58 42 91 56 27 56 28 64 98 69
 35 82 76 76 77 59 46 68 29 44 82 74 93 66 40 63 18 26  0 69 93 35 41 67 12 33  1 71 72 26 86 67 67 24
  9  6 72 91 15 49 87 33 94 26 48 49 93 84 93 70  1 81 69  0 10 46 56 56 69 53 48 74 43 94 29 64 97 38
  1 71 44 13 89 85 58  3 82 76 28 50 39 80 27  1 44 39 93 10  0 12 99 51 87 76 71 47 47  9 71 20 81 99
 85  8 85 29 48 84 17 21 29 86 31 37  2  1 93 22 32 66 35 46 12  0 45 56 15 99 64 57 84 83 61 25 41  8
 84 77 94 11 14  8 68 90  3 60 75 79 52 55 92 49  3 22 41 56 99 45  0 46 52 22 33 68 52 28 75 99  6 85
 12 74 90 77 89 38 27 45  3 62  1 19 26  9 34 24 72 71 67 56 51 56 46  0 65 47 90 24 79 70 28 19 87 80
  0 30 51 32 44 41 21 47 51 62 95 51 90 21 39 58 99 58 12 69 87 15 52 65  0  4 21 34 12 20 67 24 94 10
 26 89  3 87 59 56  6 25 67 83  7 70 26 12 31 62 34 42 33 53 76 99 22 47  4  0 64 52 92 49 68 65 66 28
 91 76 48 67 22 39 67 30 39 91 92 42  1 65 26 49 45 91  1 48 71 64 33 90 21 64  0 81 17 58 99 90 70 17
 11 76 29 94 57 53 26 43 15 57 69 26 68  7  1 94 18 56 71 74 47 57 68 24 34 52 81  0 57 37  2 37  3 43
 35 40 90 79 63 77 82 97 66 62 62 79 93 17 87 92 96 27 72 43 47 84 52 79 12 92 17 57  0 20 68 35 60 23
 82 93 66  2  6 50 44 33 42 36 32 98  7 51 72 63 82 56 26 94  9 83 28 70 20 49 58 37 20  0 48 40 10 42
 26 56 41 10  0 30 35 35 23  2 97 60 94 84 59 13 79 28 86 29 71 61 75 28 67 68 99  2 68 48  0 83 82 27
 69  1 15 99 62 58  3 61 62  2  5 35 19 87 97 45 75 64 67 64 20 25 99 19 24 65 90 37 35 40 83  0 49 15
 56 50 83 56 41 55 62 42 62 43 39  9 54  2 46 22 83 98 67 97 81 41  6 87 94 66 70  3 60 10 82 49  0 34
 86  4 96 70 62 19  8 36 28 65 50 96 37 27 62 69 43 69 24 38 99  8 85 80 10 28 17 43 23 42 27 15 34  0
